960.628 337.351
942.769 331.075
928.375 310.81
945.412 313.408
968.993 317.337
915.797 303.879
972.588 299.498
926.732 346.728
943.541 346.87
967.299 300.995
980.493 330.161
961.088 290.282
985.758 317.841
956.414 362.177
943.157 311.233
984.735 356.872
996.215 332.131
919.877 294.546
967.89 290.993
999.869 322.587
945.752 291.424
926.964 319.476
1005.84 364.269
954.762 329.03
933.175 287.382
980.668 313.265
909.192 292.339
954.024 295.887
918.058 321.146
925.103 366.612
976.95 281.009
985.817 285.576
993.587 365.85
968.436 349.221
937.394 270.432
933.684 294.097
959.907 375.139
967.855 332.821
927.595 261.664
902.521 358.847
975.641 367.276
945.451 378.475
934.091 375.08
954.469 330.864
905.953 346.376
1006.54 304.378
984.92 272.649
994.466 375.757
896.681 344.285
965.943 390.994
919.206 383.579
927.401 342.799
949.225 279.714
987.239 254.139
982.886 398.595
943.212 262.671
996.931 399.368
921.877 270.903
928.929 336.671
941.784 274.364
962.597 356.852
929.916 393.353
912.815 262.054
991.741 264.598
977.026 393.383
972.618 257.131
958.882 264.882
943.071 399.355
909.449 372.941
978.961 407.59
969.664 264.845
895.883 364.979
892.434 334.108
969.27 428.813
921.464 359.289
971.441 233.292
938.63 232.815
896.319 373.416
993.859 342.329
986.207 247.417
923.565 411.563
871.313 352.319
956.032 253.796
964.992 401.877
981.46 232.888
971.651 415.975
942.75 378.365
995.322 412.288
908.882 252.481
917.644 373.967
969.94 348.333
905.62 287.317
992.058 289.064
933.461 233.239
879.363 334.521
910.556 332.854
888.076 392.649
963.368 249.284
894.744 370.801
931.378 256.431
881.63 368.096
949.636 220.097
883.899 325.657
897.456 298.73
925.576 250.354
994.24 254.631
876.237 312.742
969.82 235.328
904.373 332.318
997.567 234.087
1000.75 429.547
923.387 404.025
887.768 305.276
918.242 250.343
990.02 223.448
886.487 318.631
921.111 389.557
933.479 215.715
878.315 278.903
913.802 256.625
884.849 258.802
876.056 303.87
895.733 310.961
902.908 239.104
988.15 235.955
894.908 265.825
966.599 218.62
873.706 273.575
910.059 396.957
999.149 216.215
920.325 399.324
959.229 234.12
990.67 432.931
874.739 395.438
925.261 242.527
921.315 216.88
860.156 361.761
933.113 199.31
932.377 411.345
925.504 206.568
866.27 261.278
919.144 196.065
907.19 228.964
877.734 248.028
883.547 363.095
868.496 338.744
916.6 175.817
874.385 402.579
957.02 415.255
865.748 397.449
921.858 181.367
978.846 419.358
860.49 340.019
985.399 196.415
975.285 194.848
952.012 202.137
930.848 185.451
964.294 211.442
866.142 248.182
992.74 186.159
865.898 409.94
858.882 353.765
939.553 203.989
956.141 192.096
883.636 216.839
900.66 405.264
929.141 430.101
937.04 165.05
984.828 214.896
990.89 194.725
1003.37 201.571
916.319 174.911
889.051 185.933
865.216 284.347
866.711 330.449
862.994 255.899
939.088 432.88
883.924 381.149
961.069 424.09
973.816 205.098
898.547 418.644
921.782 217.118
889.384 407.521
926.507 169.531
877.923 220.176
899.668 235.177
921.808 423.396
858.041 378.249
898.571 440.394
859.88 228.509
900.336 416.757
858.308 265.68
908.206 432.308
874.359 231.366
848.809 355.692
890.215 214.97
863.616 217.356
970.305 445.354
962.618 187.928
864.928 289.731
878.191 423.262
998.257 183.31
844.639 384.108
966.848 177.808
874.874 454.097
895.373 194.983
840.153 404.345
845.37 234.237
948.263 179.929
911.78 445.443
854.721 280.693
870.271 312.66
976.768 183.388
948.206 159.586
840.033 267.129
870.61 378.809
921.95 152.26
952.867 163.6
840.039 291.332
869.114 292.414
966.678 166.778
844.498 301.626
989.553 462.325
855.778 318.239
918.624 220.93
900.896 146.067
949.269 133.013
961.589 444.124
978.711 468.111
861.429 234.529
991.338 166.47
901.135 160.724
855.989 208.296
922.615 156.129
888.551 188.374
928.52 444.756
837.905 378.482
875.696 208.59
846.869 310.992
855.411 324.6
919.414 126.688
908.814 447.465
846.364 214.975
844.475 423.154
884.466 145.539
862.199 345.184
843.725 428.554
848.587 319.748
936.811 439.049
890.986 297.374
830.04 309.991
835.554 259.318
947.021 456.37
947.112 426.114
903.361 129.768
959.037 449.781
873.866 199.309
848.032 347.765
846.502 389.393
919.862 145.122
884.586 192.162
834.332 252.334
916.292 465.733
830.859 406.716
867.43 451.568
839.715 234.488
875.127 435.707
971.636 158.263
974.605 480.985
837.249 344.517
935.943 128.775
963.651 126.326
842.582 234.878
995.717 449.623
897.136 137.658
825.125 411.535
945.743 443.055
838.439 221.491
835.515 267.213
974.271 455.18
856.837 428.119
821.967 237.172
864.672 429.443
894.966 157.993
975.971 502.753
846.295 432.934
863.966 189.844
832.596 323.842
949.148 469.52
920.813 469.718
822.56 211.75
956.418 154.693
937.255 144.497
844.182 402.269
876.887 125.823
972.911 478.289
990.447 139.929
933.869 478.042
927.319 123.119
822.329 353.325
875.075 172.314
816.175 214.077
906.084 449.947
802.368 415.469
867.821 184.702
888.955 458.891
864.355 441.386
958.55 462.891
981.04 163.578
944.294 126.18
859.752 167.618
825.785 402.822
857.649 452.15
824.38 276.93
985.545 147.718
854.502 189.297
822.203 313.737
899.491 460.901
841.109 200.067
1001.47 450.435
894.708 128.349
990.973 499.459
828.006 192.704
872.909 466.541
955.175 483.939
831.85 432.385
807.272 282.811
833.927 175.18
999.812 159.333
861.055 147.098
888.365 432.718
907.761 120.045
811.525 430.927
814.085 444.776
915.627 492.654
908.502 469.352
797.541 218.631
873.788 150.003
811.137 249.932
944.676 107.235
938.479 126.185
905.451 470.896
865.449 129.24
918.063 103.796
823.002 383.054
804.381 231.101
845.544 194.309
1005.29 152.041
811.859 270.507
841.697 158.886
897.508 98.1189
788.367 206.73
826.248 363.863
850.341 172.869
909.42 100.943
933.141 490.994
846.012 127.665
812.582 314.945
806.805 413.003
877.786 468.551
783.565 229.459
850.38 462.895
923.436 104.608
917.448 502.041
798.864 421.242
810.811 447.664
794.126 193.932
823.815 437.438
785.685 201.347
999.854 464.052
889.529 470.277
803.55 243.736
856.892 466.492
824.405 336.134
820.044 302.528
946.707 480.713
789.525 401.517
914.808 90.0554
840.163 277.085
838.241 463.929
829.735 210.131
820.571 223.482
799.627 446.946
774.795 382.798
958.144 493.236
806.316 299.351
786.914 243.069
814.555 335.258
855.577 115.02
808.01 265.666
845.343 124.193
804.574 365.452
827.263 118.057
872.77 138.604
995.02 125.815
985.143 130.353
847.646 133.35
824.206 434.013
798.65 283.083
1001.61 497.482
981.888 516.996
832.866 456.403
957.633 111.637
806.725 388.683
775.063 195.492
977.737 132.838
813.405 238.86
793.664 319.308
941.7 499.247
895.193 109.715
993.87 479.813
821.073 455.671
1004.25 107.196
806.545 383.612
975.098 536.354
930.145 501.618
799.631 434.209
821.765 245.705
931.509 515.041
945.095 512.899
809.63 194.848
899.839 501.11
846.913 493.545
950.638 173.716
808.752 466.191
829.803 122.322
784.932 314.17
790.345 210.296
971.014 507.179
807.797 351.258
986.193 536.549
870.679 124.453
971.238 550.098
824.14 177.971
892.258 93.2344
889.116 488.561
872.674 496.388
852.622 180.317
899.69 89.2693
888.888 128.501
873.074 107.296
867.276 98.3496
911.709 486.682
997.801 514.248
827.3 466.883
779.628 224.238
927.654 88.7812
794.021 369.782
776.239 209.002
768.495 240.092
896.869 483.145
997.842 537.452
956.908 119.282
987.541 552.956
796.546 256.853
784.745 364.349
776.174 245.185
816.952 147.169
829.618 485.242
835.741 169.69
789.155 344.075
951.826 85.5531
792.347 439.478
962.826 103.718
782.526 219.863
888.295 512.67
802.402 286.312
973.367 110.916
972.069 87.7856
957.852 95.9871
774.563 180.92
970.159 523.721
998.537 117.027
838.753 107.527
840.54 144.753
984.133 103.487
786.854 256.346
856.809 491.133
951.563 63.8123
962.236 501.024
775.293 465.026
782.04 358.214
761.344 177.366
761.897 205.615
758.015 230.392
882.684 498.861
822.205 157.675
821.477 176.756
929.389 522.671
993.786 92.1615
775.398 433.234
786.825 174.511
786.135 402.974
946.908 528.849
808.224 121.594
779.248 455.4
808.744 471.531
837.16 503.604
783.425 348.315
967.742 563.199
868.933 418.655
936.45 521.372
959.594 536.417
755.338 235.375
822.138 482.633
757.838 159.302
798.631 185.79
879.149 482.722
904.626 78.0436
894.05 69.5876
793.151 264.749
779.669 422.371
997.407 568.142
854.438 507.571
819.48 508.256
801.894 130.581
802.998 325.698
958.498 548.799
797.085 436.286
786.54 332.469
771.146 371.159
906.671 525.209
931.248 522.958
957.249 551.649
794.167 136.601
770.554 387.573
779.331 166.737
855.368 512.006
779.531 255.781
939.584 534.176
771.261 398.251
915.496 543.424
829.276 103.241
739.749 222.151
781.704 170.711
944.251 557.872
991.067 581.425
806.075 478.708
857.115 117.202
818.52 161.532
755.433 204.104
976.628 63.9333
806.89 146.045
820.512 488.721
799.506 117.234
784.665 300.454
832.79 136.014
743.621 187.266
984.868 569.854
997.033 522.917
822.006 512.353
781.735 301.425
862.061 495.51
888.273 60.0843
837.055 503.205
994.8 553.26
734.2 192.954
760.937 389.13
770.62 265.025
787.305 276.863
757.559 422.384
867.057 79.5554
936.603 565.486
803.732 163.975
796.154 473.966
718.851 199.511
750.787 204.737
793.341 122.816
764.872 252.375
747.576 404.878
779.185 431.632
953.815 560.862
721.59 219.728
843.338 522.547
810.818 484.801
768.122 234.987
918.607 66.9442
716.668 193.22
884.843 96.151
809.617 94.3134
872.849 82.353
884.564 499.461
773.24 467.978
917.518 108.229
704.886 189.943
851.156 93.7859
726.652 232.649
899.492 526.366
961.82 563.541
751.766 433.176
764.634 276.617
754.632 163.495
894.597 524.892
823.692 290.772
790.229 158.208
870.752 518.971
885.566 548.7
992.264 587.448
799.191 142.662
878.783 58.2594
745.422 173.479
779.651 267.594
911.069 84.929
747.97 456.219
889.177 527.43
787.463 110.484
776.196 315.122
708.258 164.962
837.592 78.1736
853.555 538.499
705.179 155.296
701.737 170.447
986.45 77.4973
775.356 135.706
739.169 188.883
996.182 52.4851
738.792 152.417
820.235 83.3513
784.126 486.803
929.302 538.426
794.309 78.1084
766.61 356.709
746.618 362.757
998.258 75.0536
745.627 139.04
758.634 442.235
696.403 202.517
995.886 48.8433
742.85 242.795
791.944 300.325
965.77 559.613
729.797 406.654
723.356 154.812
804.728 114.284
753.743 375.227
981.686 607.524
855.407 522.844
905.323 58.422
937.297 66.8686
762.455 417.125
760.495 147.668
845.686 472.455
870.366 144.001
723.348 169.329
983.027 602.257
870.769 552.323
942.53 572.084
757.012 286.055
858.001 519.7
779.146 77.2793
796.52 93.7327
708.308 150.747
790.342 110.036
869.947 49.1374
786.925 188.232
756.973 242.438
977.133 575.978
766.288 313.63
726.937 147.131
715.204 212.574
857.684 536.51
783.896 325.892
973.673 620.316
775.104 335.396
762.869 334.633
743.147 298.101
859.524 82.2653
722.261 231.244
903.095 547.383
765.69 89.0508
754.528 399.188
693.475 149.977
957.677 581.355
759.907 458.631
782.313 93.9331
960.539 590.189
898.206 48.9481
960.717 608.454
770.463 104.08
784.186 500.206
911.998 51.1742
794.813 506.404
752.445 426.793
767.587 137.977
746.285 262.483
904.088 520.46
747.417 269.492
755.984 283.708
955.983 598.881
807.408 72.0427
983.663 52.2362
700.075 131.79
810.837 507.353
844.737 138.256
748.504 453.281
739.492 462.61
871.333 69.0819
770.025 484.922
715.337 129.265
983.955 37.9161
770.728 479.339
827.653 93.8457
687.904 189.558
791.786 121.399
688.706 154.567
684.022 134.356
761.384 512.654
741.829 205.132
788.084 484.832
853.394 558.719
730.365 134.163
803.891 348.641
739.202 123.446
729.106 252.53
809.137 87.5792
739.774 289.291
764.596 78.451
757.424 101.61
713.624 439.922
743.448 407.685
749.668 467.51
828.757 543.483
858.124 549.544
916.341 563.611
703.132 235.21
771.152 518.004
684.243 183.349
673.968 145.007
827.368 556.468
745.105 272.885
724.523 388.15
739.411 229.826
718.036 419.988
906.337 547.327
988.973 30.1602
677.124 166.921
751.757 126.115
760.816 506.154
805.198 62.2672
895.898 556.532
776.222 132.278
834.544 56.5139
736.919 272.597
849.594 76.4861
806.861 512.425
759.099 395.635
919.855 571.141
709.826 247.646
888.279 553.865
756.292 480.649
725.537 391.699
758.478 499.172
759.694 85.9182
719.963 267.473
969.287 49.0762
967.412 33.8596
756.559 89.5798
677.897 197.059
731.708 89.6154
749.84 76.8461
733.948 381.573
739.21 449.141
762.995 175.835
932.656 585.219
738.456 98.7645
760.416 340.773
711.83 413.915
745.421 87.3388
724.523 377.695
749.959 353.42
751.681 335.71
777.593 84.6967
750.626 325.577
756.221 444.298
870.775 44.0847
760.367 61.7708
661.16 172.647
701.532 252.58
945.041 599.222
799.249 67.6017
729.672 103.717
740.304 351.178
919.86 38.2074
725.622 404.589
990.23 20.5043
663.904 185.502
690.521 172.601
646.128 201.759
696.325 394.466
720.399 465.712
712.732 423.527
826.813 44.9649
735.403 468.025
728.949 127.76
632.025 211.235
770.452 100.142
678.177 152.861
732.486 330.859
966.078 36.1671
694.569 133.889
850.863 46.0197
947.74 72.4853
740.025 510.816
748.906 356.587
690.785 248.039
714.561 112.355
698.808 108.101
954.248 54.7673
744.83 108.557
612.53 213.217
930.305 53.5048
958.122 618.785
722.434 82.1551
706.092 125.361
796.072 55.2358
720.184 68.6394
781.7 468.724
786.664 531.328
725.942 351.662
685.807 125.006
959.366 63.5173
678.645 210.025
712.891 371.29
990.467 -2.65901
972.308 50.4964
872.056 26.1919
713.201 360.64
702.897 410.468
664.359 203.832
986.849 7.03762
712.679 261.573
686.869 222.318
779.146 54.9694
806.679 524.717
956.656 19.5682
700.063 381.849
727.323 56.9874
673.14 211.15
738.492 103.816
932.759 40.2434
594.814 213.264
607.613 183.371
820.149 551.701
705.335 244.886
830.687 69.2772
763.917 524.185
958.961 41.8915
817.424 73.9233
684.056 392.568
727.569 303.16
704.343 441.196
619.878 226.412
651.42 169.121
670.021 157.948
870.325 43.1963
668.415 124.714
746.435 137.28
911.868 568.996
640.055 168.519
650.94 179.355
936.752 604.033
808.993 523.06
676.546 265.805
701.64 435.172
954.344 46.158
992.909 633.484
865.053 566.143
706.911 100.256
668.177 210.73
747.742 67.9076
798.719 531.674
706.514 267.024
788.975 528.794
931.02 581.952
856.75 39.6216
716.098 279.836
741.225 410.345
990.554 608.311
774.175 520.769
990.965 613.052
765.374 136.784
718.772 71.3469
732.783 48.0259
738.276 55.4321
750.525 48.1456
642.143 187.769
724.633 40.666
699.513 362.036
758.532 299.471
888.471 52.5657
676.304 378.975
621.361 183.418
682.19 109.928
674.456 234.458
682.474 421.644
932.962 26.5022
892.516 25.3514
881.642 579.588
691.368 419.932
722.528 336.533
697.708 460.333
951.367 23.255
638.868 180.049
958.996 30.5021
970.139 625.662
744.985 533.527
907.525 58.1012
734.809 59.7464
659.675 240.236
836.413 91.1265
708.426 80.6359
845.892 561.752
877.289 577.939
787.812 38.5891
728.001 313.477
929.484 11.0045
647.353 222.192
855.94 563.323
931.594 40.3032
737.215 282.949
704.397 349.564
841.813 26.6028
738.725 316.302
601.846 235.656
963.052 639.191
920.566 519.457
701.504 387.527
708.627 321.518
847.692 53.4943
693.252 282.136
904.504 29.5389
821.175 51.7361
712.067 485.673
662.315 403.63
658.642 145.571
704.717 86.1989
763.969 24.1892
910.835 29.9328
926.832 4.44668
941.539 1.69535
656.735 139.1
705.944 93.3732
715.138 53.474
874.607 586.315
772.482 50.1406
613.24 199.415
624.323 189.892
687.547 260.754
978.068 641.242
710.768 299.841
834.815 48.9136
948.181 32.4926
874.429 598.955
669.29 99.7276
742.04 498.235
743.755 373.028
647.31 222.673
705.443 342.501
655.904 97.4659
785.833 543.696
739.053 482.331
634.542 161.753
703.432 60.5919
852.642 27.7316
774.814 535.91
711.732 131.522
918.093 604.612
950.035 651.066
760.93 561.78
859.854 588.529
701.23 78.1128
709.157 65.7461
886.197 14.7075
722.944 327.311
735.507 41.5324
677.518 250.507
671.697 391.113
836.477 568.837
990.532 648.992
711.679 486.961
771.343 550.857
621.504 160.396
663.498 265.795
829.17 569.929
738.644 517.791
609.17 264.916
623.211 176.161
850.198 13.398
699.998 292.66
807.722 545.001
634.215 148.844
750.123 497.624
929.149 595.511
915.017 17.7462
918.199 601.328
745.142 25.5425
643.245 123.59
899.829 590.434
663.953 234.415
862.1 560.55
720.71 526.468
654.99 228.177
786.295 561.326
679.812 85.4473
653.151 111.466
970.894 641.369
679.607 432.369
716.764 504.908
963.355 -12.4627
640.822 247.903
624.426 143.756
857.527 15.3744
659.215 387.332
901.84 576.35
661.565 410.715
738.534 516.287
676.356 276.77
878.878 567.865
777.213 27.1859
709.768 29.983
727.749 536.415
767.938 569.772
696.505 469.769
585.177 260.067
692.848 486.647
593.993 249.869
596.86 260.859
746.674 572.071
605.376 285.957
938.814 623.483
718.827 450.549
650.931 83.3998
819.736 557.011
637.036 134.528
765.765 538.2
717.085 330.102
875.273 6.35229
724.54 484.493
663.557 131.012
746.753 559.632
648.529 99.8388
831.404 18.7603
993.684 657.934
737.9 539.968
941.315 585.071
644.765 224.732
619.567 252.357
724.402 309.553
715.865 314.257
896.486 587.397
625.55 138.49
670.344 419.792
930.214 629.462
667.122 276.929
597.053 225.099
684.235 443.879
690.175 330.265
862.025 7.48237
681.0 465.991
595.471 221.932
671.354 372.617
604.356 133.865
608.697 137.025
660.671 401.718
686.677 78.7158
738.774 570.433
695.694 479.553
605.331 159.173
687.317 342.663
578.99 268.045
900.444 608.153
626.754 92.6248
892.644 6.22896
734.569 560.615
804.216 552.081
712.633 504.837
677.837 291.46
850.658 574.491
649.428 116.371
670.76 483.746
619.59 196.752
786.111 28.6295
721.611 472.086
590.496 228.693
810.424 545.333
678.596 341.711
915.768 3.20584
627.597 168.272
803.635 14.4584
692.205 44.0533
672.016 59.9153
741.263 551.869
692.163 283.331
679.358 52.4699
649.693 416.659
593.597 290.88
682.428 333.391
805.021 5.89849
643.875 267.193
711.244 503.285
705.18 541.405
950.244 -2.34738
988.975 675.764
674.627 486.564
677.914 270.956
841.023 607.382
634.593 277.608
668.782 52.3316
689.988 323.255
918.949 605.644
933.831 616.213
905.673 636.809
607.674 267.175
666.487 437.2
714.065 49.9826
800.446 566.078
643.463 117.445
892.825 602.296
625.844 106.591
665.763 294.369
813.77 19.9796
671.233 457.726
629.105 239.606
567.689 244.659
985.24 650.443
657.504 366.28
667.861 88.775
664.732 53.0907
594.612 130.635
736.556 13.2243
665.488 86.0689
643.197 77.4439
988.614 691.357
781.15 11.5879
763.04 14.7039
653.42 444.62
673.554 306.363
584.83 227.805
965.184 668.296
724.633 292.767
666.386 164.25
965.875 680.361
769.825 565.584
604.166 270.082
669.167 70.2977
656.003 271.336
953.314 645.52
646.001 62.8992
646.295 276.628
689.505 498.503
575.131 209.979
706.371 379.422
649.222 68.7612
666.782 45.2339
710.128 554.761
652.853 430.332
996.407 708.303
661.612 31.6419
599.384 163.111
623.854 271.823
932.204 639.398
706.31 527.191
675.163 446.613
730.526 572.295
831.29 581.447
790.612 573.29
698.13 519.615
722.241 560.526
883.16 617.229
767.6 574.716
610.978 279.247
692.6 105.507
918.455 643.094
636.103 420.774
675.656 527.92
716.907 584.778
641.932 37.8852
629.346 224.259
694.081 511.092
741.507 593.679
618.898 81.2889
616.493 174.871
878.921 1.12271
773.858 21.743
750.621 574.838
753.27 17.0588
830.252 26.9714
743.186 586.061
712.366 286.436
698.754 306.082
764.866 594.424
978.837 667.662
749.558 595.186
757.286 614.492
613.671 111.377
810.503 29.1968
685.033 424.25
661.125 39.974
643.976 82.6714
576.226 212.84
671.561 505.794
792.808 -0.317156
621.319 50.4227
690.882 302.161
613.324 106.37
672.53 540.34
849.431 21.9107
595.949 181.704
600.869 254.873
629.543 107.106
579.723 291.02
582.158 202.908
631.402 73.0747
745.18 602.644
775.128 4.06025
703.793 556.401
804.81 589.732
663.766 18.514
893.784 623.178
672.299 355.384
631.922 35.9608
663.309 507.108
556.468 231.078
715.498 519.818
583.684 138.465
646.299 411.241
591.572 200.705
856.491 613.25
748.496 0.74529
690.34 29.0235
738.398 630.782
938.991 692.527
848.152 6.23797
913.58 649.635
632.084 13.9382
585.358 162.943
645.849 399.821
627.5 102.814
680.868 371.307
672.711 323.701
639.526 380.085
569.448 268.19
554.701 216.61
858.014 623.282
697.745 533.837
685.088 408.504
625.707 290.777
883.142 588.387
981.471 694.072
719.1 15.5729
686.655 548.07
669.539 519.496
890.209 640.787
714.206 565.3
725.09 591.702
557.302 270.047
740.089 608.562
637.624 306.02
934.401 644.525
563.259 247.338
654.016 357.353
622.236 302.207
706.506 516.806
652.002 15.4828
723.557 599.343
589.357 152.341
938.224 654.747
592.189 127.923
816.878 15.93
652.475 317.557
634.251 431.47
901.149 631.829
968.371 690.664
655.383 349.888
952.931 692.805
609.714 96.766
611.202 120.586
791.681 587.166
659.103 330.953
709.344 607.795
630.103 431.0
580.113 161.661
710.296 617.917
871.604 610.578
620.088 68.0925
710.637 585.806
639.874 455.667
579.573 243.955
651.475 7.84636
673.545 472.025
873.902 625.499
1000.21 662.586
574.208 125.506
864.034 616.816
998.424 719.976
696.195 447.697
955.943 715.408
761.595 624.485
654.611 467.216
622.329 18.7016
816.667 596.148
766.981 634.137
1000.41 685.193
786.415 614.175
723.675 10.8331
663.59 550.85
592.041 100.574
707.773 605.621
658.907 489.465
979.839 727.494
609.482 71.521
689.835 64.1464
546.069 238.075
925.198 650.616
652.307 370.999
599.418 299.453
699.503 495.225
636.038 329.22
686.458 531.475
639.265 352.326
574.539 138.252
706.508 22.0007
718.707 4.69515
618.862 290.674
622.549 322.968
628.753 449.441
752.994 631.029
731.756 628.477
559.52 254.64
666.78 7.91115
559.878 294.226
610.754 22.9536
613.397 359.036
650.064 332.646
563.129 205.805
620.229 415.891
599.286 73.0388
576.913 290.588
739.046 1.16617
690.734 19.1034
638.833 313.834
617.819 398.28
550.293 300.498
801.702 586.622
939.76 662.997
552.655 251.077
683.579 595.252
728.893 27.4969
682.152 508.94
803.449 47.4922
590.108 302.873
573.001 182.907
634.214 293.201
803.994 600.97
568.905 165.772
957.761 711.185
545.954 210.469
609.827 318.021
706.568 565.99
629.729 -1.20945
698.145 574.348
638.169 7.101
808.834 615.078
540.394 231.611
990.622 723.31
648.047 488.895
679.636 20.4204
967.62 734.554
783.161 605.44
952.935 714.852
624.073 368.045
677.63 573.57
562.402 144.609
663.464 530.66
619.118 331.289
794.75 569.667
955.692 671.522
526.709 239.153
559.785 269.63
649.639 559.353
871.284 631.512
747.871 629.823
814.918 571.71
569.368 132.653
613.451 55.3212
540.757 259.763
528.337 254.606
794.627 606.648
605.581 392.533
954.794 752.478
673.446 29.6322
708.284 -4.61594
737.711 641.702
905.28 15.2616
972.558 690.871
829.69 606.711
618.47 411.284
934.505 674.139
697.383 361.566
669.887 599.37
660.573 316.142
592.226 60.2553
950.187 725.829
584.01 84.9797
533.916 274.888
615.916 416.941
694.816 582.113
986.717 740.424
694.199 622.628
680.714 602.945
790.473 605.235
684.066 564.364
580.078 82.923
604.429 307.03
544.719 312.67
956.057 655.115
647.055 386.529
594.103 310.987
766.062 41.2919
655.488 345.674
661.421 558.446
688.373 556.772
802.285 555.361
573.672 107.649
551.733 284.752
838.669 614.367
641.591 479.313
530.406 214.541
940.556 697.808
960.479 692.332
683.372 2.00994
563.668 311.833
604.537 315.907
697.378 634.995
901.962 663.187
615.014 375.598
924.567 673.471
505.373 238.771
806.934 567.949
647.021 495.801
662.754 590.503
963.218 717.913
635.707 477.09
678.542 593.928
698.607 592.848
617.013 405.952
680.785 625.595
652.019 478.421
975.192 754.53
699.525 634.471
584.342 62.9593
771.602 635.516
922.991 725.669
560.578 190.443
566.284 116.492
955.848 743.369
625.648 470.62
753.967 647.219
803.889 634.754
601.138 42.9381
667.195 565.368
907.49 668.521
918.832 712.129
923.293 678.384
560.085 186.876
754.205 670.863
633.136 53.7689
789.801 50.3443
938.838 752.604
535.115 250.871
737.242 669.815
769.894 656.628
697.99 648.532
608.295 378.816
987.505 751.574
601.807 25.9099
647.033 606.878
842.904 622.791
642.467 355.121
923.324 746.442
585.447 13.0026
583.971 110.725
627.184 20.2249
944.76 755.671
654.62 463.34
648.372 540.926
666.363 619.361
729.348 637.606
641.202 448.712
531.733 283.689
934.749 738.071
585.447 310.493
631.653 492.174
641.87 363.945
628.042 381.104
863.712 639.962
574.297 223.526
777.364 658.822
633.397 504.711
573.11 298.07
618.65 511.903
623.512 505.784
650.838 523.202
845.174 635.898
603.846 3.7039
784.965 644.091
566.36 139.725
587.779 333.29
921.592 685.079
710.613 646.483
516.838 297.163
832.753 620.983
586.678 33.4426
966.079 752.008
781.998 625.041
612.312 439.947
640.146 603.086
648.366 562.241
586.074 84.2828
530.977 300.663
907.004 682.314
589.735 401.573
926.425 733.019
558.14 303.674
771.812 683.515
615.019 344.446
581.089 320.273
616.819 484.293
979.207 762.176
613.799 457.142
799.097 629.391
832.358 622.249
996.627 762.541
661.414 492.52
965.06 771.873
643.25 550.408
583.158 330.298
633.887 572.513
633.363 520.806
612.097 345.145
902.661 677.642
601.623 474.409
604.917 360.665
893.087 643.711
937.721 754.435
673.96 378.794
896.056 618.455
591.83 360.991
870.775 663.786
810.001 609.367
602.41 438.617
724.031 639.362
593.993 457.084
552.375 194.768
595.515 507.179
539.986 325.044
574.565 22.2445
911.693 707.72
587.829 436.992
568.301 119.757
901.514 704.747
557.492 82.2747
498.054 288.807
552.263 206.055
510.855 318.952
676.973 638.241
879.648 649.797
598.389 412.573
980.534 778.61
538.679 193.9
600.948 509.049
558.609 97.0897
596.431 528.955
556.27 161.381
598.655 349.892
512.887 324.219
787.717 669.246
947.339 764.907
555.495 110.951
730.783 658.128
518.002 274.439
573.326 333.186
657.533 579.303
604.856 54.4321
937.994 779.652
523.388 228.01
839.037 608.312
788.992 624.966
506.588 318.563
551.506 121.168
754.769 688.613
717.399 616.731
527.69 258.903
939.039 799.896
684.237 659.601
534.314 175.678
573.816 324.634
547.302 294.426
812.784 618.534
619.668 474.609
691.606 16.4378
596.29 487.041
519.156 326.82
583.932 514.585
629.768 535.615
734.087 676.726
548.194 328.605
614.046 524.427
568.609 319.179
608.735 442.748
885.262 672.692
980.676 795.802
592.724 368.002
587.11 365.832
835.338 629.639
541.164 141.711
542.628 106.014
724.46 663.522
646.374 42.0502
528.347 300.074
556.004 17.3446
622.367 461.775
912.104 724.954
610.874 490.342
587.352 101.962
942.199 790.159
524.325 109.455
508.806 309.486
932.019 771.106
531.227 90.7542
645.483 593.878
787.171 682.278
577.725 357.218
585.573 440.287
507.867 212.658
888.563 654.16
908.099 737.861
501.599 331.501
510.689 338.893
611.472 540.058
919.736 796.42
500.328 268.591
947.195 787.527
490.565 300.965
535.839 143.151
680.629 6.33035
639.511 549.016
795.427 646.418
595.492 349.175
588.359 380.566
519.418 172.244
575.499 54.255
486.255 269.281
620.517 580.183
601.575 546.795
965.942 811.523
612.464 557.085
565.445 24.0506
586.675 2.00176
904.707 800.289
529.846 163.109
617.987 584.136
835.757 652.662
925.13 676.322
497.846 293.381
522.771 318.614
508.83 221.224
812.857 653.826
565.988 -2.4218
620.156 561.084
752.189 684.021
531.146 148.411
592.379 565.97
544.477 12.735
511.837 171.243
581.525 527.851
516.153 304.788
888.401 753.544
909.325 755.249
814.026 636.816
555.684 125.517
651.989 595.076
576.321 411.043
586.928 550.388
866.971 660.126
610.562 540.734
571.156 110.0
555.557 71.5336
528.201 93.3714
580.732 501.99
763.79 680.896
585.546 22.7325
558.083 177.618
849.879 662.022
535.113 159.994
586.459 39.1114
485.894 312.041
515.212 204.872
574.484 508.278
737.892 705.12
997.324 752.408
797.052 664.35
531.453 207.971
519.907 126.844
943.199 784.761
900.492 693.69
528.968 16.9923
555.888 61.4552
689.305 640.083
865.725 686.172
892.125 712.823
521.397 292.491
628.524 540.812
776.952 692.556
592.726 5.78011
573.148 45.923
519.442 346.896
903.935 722.557
579.537 3.90489
714.057 664.543
530.276 118.487
894.798 761.192
484.651 222.346
519.216 123.211
576.87 534.715
992.902 784.281
560.486 498.277
819.661 656.5
567.926 350.374
521.391 271.769
566.003 46.4876
578.456 461.423
545.712 528.966
804.196 680.762
889.055 687.229
562.911 337.228
702.397 667.908
576.812 426.682
469.365 270.371
568.408 438.63
532.179 126.981
495.644 231.958
558.333 137.862
532.37 54.7172
553.764 164.14
883.329 679.623
504.375 124.866
912.148 761.719
936.891 810.654
848.138 674.87
509.216 257.658
646.778 625.918
579.815 467.471
514.234 252.553
570.83 487.047
873.465 692.528
738.519 717.882
507.927 83.9106
475.4 129.992
546.158 452.55
634.999 581.731
608.48 573.817
563.201 445.382
811.84 688.156
498.383 147.647
980.415 800.962
561.432 461.221
643.46 614.648
882.736 732.337
558.116 352.776
984.614 769.724
527.696 432.305
504.627 242.827
886.074 717.252
903.484 754.689
522.437 79.5266
858.939 708.973
531.091 349.17
625.059 0.732817
902.738 765.057
583.582 72.5299
573.024 421.414
543.174 342.515
488.056 242.683
511.165 155.305
849.608 705.277
508.341 140.027
718.941 685.567
682.921 653.092
622.292 351.189
491.258 120.462
562.944 361.11
825.094 696.496
547.085 367.847
885.947 775.968
555.854 11.4333
568.889 379.599
859.262 683.329
492.322 95.1063
959.271 786.149
584.363 484.225
510.335 111.468
772.708 714.709
580.248 418.172
501.957 265.363
559.813 485.304
559.881 73.4049
936.914 829.355
509.906 143.631
500.092 205.579
878.52 762.592
624.064 603.615
916.894 764.413
651.369 611.577
503.686 351.221
594.648 578.236
559.155 513.693
471.429 237.236
501.135 90.2145
799.298 695.219
559.266 47.2368
516.923 371.98
522.947 197.117
554.637 64.2849
547.826 160.603
579.621 396.671
845.214 672.521
694.194 677.672
657.761 649.303
766.224 696.874
704.918 686.342
673.905 660.656
466.86 237.265
904.692 784.93
809.027 695.955
715.41 689.964
541.105 162.698
504.74 361.043
515.316 153.621
555.743 475.225
920.55 682.336
490.599 256.9
509.046 218.595
546.804 390.92
683.627 668.9
822.427 666.477
954.861 808.671
578.223 373.041
468.613 131.086
879.086 707.371
525.91 356.109
823.077 696.749
558.292 522.683
519.913 75.1781
608.987 587.45
535.866 511.929
494.728 79.9045
476.715 307.817
848.091 697.074
848.43 668.872
885.948 778.818
501.919 183.945
885.618 727.926
553.297 528.709
597.491 576.046
464.667 257.817
717.853 694.114
496.603 152.755
880.494 777.628
530.351 68.9037
915.313 816.651
694.943 709.492
707.769 690.542
513.099 58.9047
551.125 68.5567
468.816 220.15
972.748 766.819
942.142 821.934
537.118 402.891
858.517 739.499
998.512 805.11
958.975 828.103
794.053 706.921
729.54 737.815
927.493 829.571
604.78 464.668
733.46 701.913
498.693 368.723
611.101 526.589
716.784 712.223
498.882 340.508
480.637 189.719
523.415 48.261
822.958 705.62
571.657 392.622
582.975 11.368
516.65 5.18569
749.355 703.45
986.886 823.582
588.906 574.957
836.805 665.862
778.881 724.329
916.862 835.034
794.319 719.858
489.227 340.6
543.934 377.438
840.659 708.98
979.023 858.637
999.189 789.169
868.908 747.774
491.344 87.1519
526.0 397.285
679.037 679.669
710.458 721.088
551.77 442.237
956.377 824.089
916.159 789.713
932.655 834.457
892.359 820.401
893.139 749.806
554.227 496.446
786.788 717.401
758.226 714.708
538.336 40.2783
653.876 641.094
550.165 418.424
716.877 720.782
524.283 33.1129
758.836 721.207
491.252 364.464
507.349 388.259
803.499 727.416
842.562 717.71
829.995 684.382
959.965 856.933
893.144 799.885
641.607 639.522
507.53 48.4361
674.156 691.343
974.374 812.426
483.992 378.959
688.305 714.708
494.345 169.022
629.953 617.041
687.254 685.211
639.515 624.224
956.557 807.495
885.513 811.09
555.667 378.469
491.172 327.798
969.929 839.935
479.775 196.703
458.317 274.496
494.875 62.693
579.245 556.278
555.258 536.042
544.566 30.8957
857.863 715.821
517.1 395.12
483.38 118.37
530.222 322.185
536.347 426.187
775.599 745.71
558.473 415.1
721.9 732.052
481.139 64.1417
511.246 377.758
509.396 26.2198
804.742 739.97
566.504 566.333
452.991 252.055
787.443 751.787
813.808 715.554
483.217 42.5154
859.697 790.327
900.953 817.368
476.486 347.55
749.429 745.922
487.962 385.383
570.996 401.66
523.52 389.097
487.778 168.694
541.701 456.831
926.334 849.819
477.927 151.659
681.689 713.893
477.738 208.692
658.942 733.499
453.109 225.146
446.294 203.921
695.226 729.925
662.943 -0.570637
473.65 139.041
992.217 832.181
547.002 463.545
509.656 3.36299
860.46 799.687
971.772 787.065
532.926 390.065
456.205 158.006
885.602 836.198
712.994 744.47
808.543 667.143
823.177 737.704
981.379 822.275
470.903 101.479
917.663 806.608
493.788 107.121
1001.01 839.86
740.092 708.312
552.67 516.695
817.405 693.403
810.887 716.296
532.961 533.298
919.905 837.851
630.102 641.794
591.381 610.478
656.806 693.264
545.455 385.677
538.697 411.151
851.339 733.769
910.175 854.794
482.447 185.401
462.323 124.323
755.589 757.485
686.979 625.989
653.62 662.274
555.87 552.005
488.238 68.9089
505.243 182.144
773.382 734.099
746.66 726.668
481.116 251.404
498.291 9.61283
808.438 725.521
557.562 430.545
554.53 380.881
488.741 56.4888
510.528 12.4452
551.251 547.917
875.612 789.607
613.704 645.922
532.499 555.223
994.957 849.13
624.106 635.395
726.963 757.976
460.412 306.609
508.238 59.5441
620.565 606.595
478.021 189.176
995.988 865.016
845.583 742.116
706.818 740.896
497.194 30.9025
905.406 873.949
530.202 504.585
819.115 711.675
508.833 407.127
726.644 698.83
479.558 285.586
518.778 30.7126
907.487 836.38
903.123 887.986
528.956 423.875
872.929 838.897
842.094 735.168
575.783 593.332
529.323 434.747
798.635 753.378
464.058 52.0195
461.084 242.38
697.299 759.961
478.707 108.774
799.57 777.459
514.459 539.895
864.243 812.017
855.723 752.976
449.552 188.9
512.698 432.067
533.824 520.82
477.448 81.0089
466.687 339.964
869.027 809.01
570.937 571.066
472.117 371.415
458.94 65.9068
543.751 477.482
474.011 322.249
703.442 704.661
848.817 771.213
830.354 760.601
543.251 564.701
463.291 99.6448
544.003 354.958
685.002 723.586
467.858 315.025
973.394 862.928
456.622 171.618
819.079 727.036
457.869 41.6888
452.667 240.486
447.859 256.295
862.422 750.365
485.788 26.688
759.541 762.665
504.079 548.203
565.733 593.135
897.588 899.005
463.367 350.584
479.362 14.2947
454.957 285.185
698.442 766.832
515.211 182.469
596.222 593.747
679.274 766.005
519.895 574.16
702.495 763.076
857.735 782.129
516.396 378.296
753.64 740.482
655.346 676.937
887.714 847.455
471.465 17.4019
448.715 213.2
679.157 737.905
905.294 914.66
456.541 147.13
470.123 26.9932
479.723 169.046
466.036 382.297
536.39 572.477
896.741 828.597
670.044 787.885
734.576 769.827
460.458 349.65
453.026 105.997
561.634 584.869
446.38 173.799
690.787 732.902
843.126 781.329
443.505 351.64
549.59 592.24
496.16 405.104
441.892 259.937
785.67 750.495
690.319 763.66
516.347 418.262
433.61 242.826
713.594 769.619
517.642 517.247
653.777 790.986
809.866 767.241
455.974 57.3427
455.652 80.3698
441.146 250.951
833.664 759.122
598.7 617.248
834.822 782.82
459.825 180.147
532.865 585.009
668.241 716.626
443.743 271.335
675.578 815.839
656.838 683.549
636.707 683.947
459.216 173.147
855.196 774.358
547.993 596.918
614.048 654.232
915.296 897.351
435.802 155.602
870.081 827.74
446.461 80.8317
568.826 595.485
441.467 187.411
951.38 873.766
996.426 881.494
616.33 617.479
667.233 766.579
445.617 374.343
965.34 873.961
877.577 853.737
504.375 568.861
507.984 431.273
692.583 778.715
462.758 148.122
713.201 780.288
582.257 537.846
783.261 773.604
920.628 915.916
958.461 863.628
666.491 727.839
888.781 912.394
591.951 618.219
606.339 630.689
728.039 773.13
805.812 757.138
897.72 928.834
699.747 795.613
528.032 460.424
872.681 847.743
791.317 671.343
495.775 417.738
523.322 447.602
485.135 4.37382
441.812 69.4852
432.373 184.723
453.197 183.161
449.712 299.256
834.144 765.257
665.481 747.083
894.831 933.012
757.482 753.567
647.06 640.14
444.527 137.947
850.545 835.062
565.92 600.721
430.029 46.2653
427.998 249.03
471.068 382.153
437.242 223.768
425.295 225.613
616.941 662.538
888.457 883.733
926.509 904.783
883.922 832.379
924.281 854.528
512.597 598.002
451.815 331.143
755.86 775.058
524.798 504.171
460.777 401.405
454.613 110.731
470.921 421.477
760.334 782.835
738.87 794.9
449.604 401.548
428.566 280.196
441.003 147.714
477.085 413.642
729.33 735.666
558.101 610.359
446.644 365.481
834.109 802.871
664.082 784.18
917.491 929.32
741.798 804.264
859.156 654.478
872.6 910.923
871.388 899.269
678.898 762.331
432.634 95.4092
770.906 778.276
952.247 912.925
668.859 705.395
771.018 767.848
493.591 425.81
835.691 809.014
463.87 279.965
516.215 559.913
978.943 880.756
959.145 929.297
471.32 386.064
538.41 484.655
508.719 582.17
463.191 38.2885
468.723 442.149
570.285 624.602
492.573 397.389
540.16 611.32
445.29 127.024
844.266 835.073
412.632 178.449
416.114 241.261
468.067 454.758
447.833 40.1119
936.301 880.642
416.724 50.1299
843.276 725.041
492.21 398.207
438.781 341.792
440.26 286.0
605.25 624.692
921.245 891.975
435.529 364.055
654.2 734.317
433.353 162.796
428.314 197.735
471.036 70.8682
447.93 408.251
423.317 141.562
945.87 936.313
488.416 426.013
739.775 752.452
463.796 110.746
516.017 489.289
429.809 81.0007
903.69 885.657
871.008 869.342
413.827 223.413
426.882 215.342
449.153 62.5329
859.983 910.748
439.389 46.1891
888.705 875.751
530.653 470.041
424.624 63.9645
429.207 273.367
418.667 41.1515
677.415 818.757
392.914 159.287
438.994 308.37
669.233 746.538
402.273 236.237
388.97 171.591
968.371 908.09
915.665 886.537
865.258 884.118
457.469 323.287
437.902 350.651
728.884 789.443
532.35 609.563
414.125 18.3739
440.218 137.451
981.081 888.144
385.969 192.243
588.542 633.394
814.263 770.228
821.697 780.805
400.952 39.2473
410.609 281.991
502.465 452.853
910.58 872.478
534.361 455.558
434.78 195.432
427.199 187.734
573.034 637.659
683.057 781.358
919.481 872.459
939.524 882.669
858.604 892.349
866.687 913.021
481.674 12.5076
870.992 840.681
460.251 220.196
421.798 199.206
961.766 900.75
414.257 36.3015
827.096 838.261
743.021 777.232
463.086 32.8474
418.019 139.983
938.363 916.999
402.857 162.582
942.262 925.144
428.152 203.926
944.577 876.506
425.241 123.353
504.331 607.615
635.726 697.164
420.845 123.553
752.569 801.142
443.062 388.41
759.873 811.162
767.156 826.786
598.585 646.745
517.57 43.8982
659.403 750.953
663.032 806.291
572.492 623.581
949.992 908.134
445.771 19.5687
519.069 592.978
571.687 644.297
390.795 140.495
510.0 527.243
880.842 874.96
767.469 846.433
784.931 793.379
896.424 946.227
906.562 946.515
406.816 263.076
569.584 660.27
491.933 449.604
892.084 859.024
436.868 317.37
555.953 639.65
492.923 14.1116
460.887 143.741
872.551 933.399
411.702 122.338
398.42 58.8134
926.345 946.571
650.544 738.276
516.217 615.239
634.322 738.939
755.318 821.158
384.734 40.4795
406.092 17.7696
429.905 376.787
458.075 372.416
433.013 10.8798
657.254 717.666
695.514 812.655
418.748 -5.97906
418.044 263.919
709.124 819.002
580.318 654.304
706.733 803.034
789.489 844.122
625.137 705.374
497.692 588.285
638.776 663.108
451.669 16.206
737.641 814.905
867.578 937.143
733.166 806.631
655.296 760.958
857.072 857.841
461.939 354.5
499.524 467.759
415.177 237.067
970.879 879.552
380.329 249.531
851.835 907.473
464.686 10.0676
405.156 185.546
415.88 207.357
523.917 620.529
396.488 18.096
905.515 952.83
420.997 298.151
803.082 801.002
481.67 267.817
509.729 494.366
441.439 448.147
390.808 4.18207
521.249 461.459
512.646 465.977
981.996 897.067
410.421 274.406
410.303 128.88
426.407 4.92751
854.442 808.619
478.458 446.741
438.29 -2.72156
894.329 936.867
404.072 190.244
502.673 512.122
780.34 853.89
637.201 676.692
494.406 615.126
552.08 629.208
966.975 916.345
662.957 24.9178
401.669 172.063
494.741 555.424
389.842 163.959
938.397 949.835
759.165 768.541
475.162 629.293
954.835 947.138
938.334 863.295
838.815 821.309
594.963 662.788
379.48 191.1
577.309 650.066
677.52 830.703
481.722 429.833
420.407 83.1356
738.257 826.45
391.353 210.465
847.044 848.745
452.89 423.492
366.57 148.089
383.799 154.277
516.223 481.206
716.306 833.812
466.642 462.803
482.605 601.806
399.064 306.742
495.448 506.852
402.714 217.638
400.951 158.841
565.067 656.834
396.917 282.19
621.199 666.526
537.818 491.201
424.3 337.946
476.56 479.837
823.635 816.136
565.276 670.177
402.567 68.6732
542.856 665.979
440.89 426.485
645.838 704.155
423.726 408.467
708.406 832.639
482.253 462.864
558.04 646.85
443.44 324.823
898.538 919.667
588.739 665.052
825.83 848.479
705.005 811.281
757.91 846.937
404.501 219.072
641.029 8.94659
792.558 826.356
371.612 164.933
394.011 60.9571
434.45 321.265
713.406 805.158
359.157 167.89
398.509 82.5595
550.041 629.126
399.434 72.9983
829.57 824.761
839.749 864.874
530.709 631.22
642.109 767.308
518.684 533.167
818.719 838.173
810.519 788.349
497.551 540.464
934.936 970.03
405.636 67.9802
433.726 462.204
951.832 961.583
390.477 84.8902
385.409 22.8938
709.951 791.599
504.467 617.577
424.591 95.1259
481.619 560.032
617.769 682.253
488.064 509.287
719.225 823.931
649.756 729.755
869.951 947.494
500.812 602.518
411.702 389.291
970.462 938.213
981.975 923.287
410.89 304.043
697.892 850.942
451.557 472.812
769.548 807.311
933.585 850.64
872.29 959.161
417.937 386.209
804.147 815.33
860.854 869.409
389.471 228.81
787.833 804.26
622.309 717.63
900.778 953.198
457.153 641.368
932.899 937.38
409.246 28.0762
499.815 567.503
859.455 882.028
387.335 110.963
385.63 130.706
711.618 768.681
854.254 929.531
953.253 959.405
657.801 839.04
417.88 401.544
561.396 685.665
423.36 0.773094
376.432 61.1708
346.789 42.7864
382.065 69.7474
740.916 808.14
403.828 424.538
438.629 417.044
945.415 855.427
812.647 827.571
641.809 777.929
413.341 353.168
796.516 829.888
480.249 536.406
496.45 472.762
777.528 796.933
775.444 782.211
364.969 67.8558
348.858 151.671
992.707 923.629
464.78 495.663
977.555 875.289
822.568 856.782
529.124 647.95
695.23 833.223
633.305 757.246
836.184 911.552
480.023 561.744
491.837 495.043
378.067 148.704
377.203 94.2718
399.883 121.26
472.023 543.55
491.559 569.828
406.528 107.784
371.844 254.985
393.721 240.745
374.667 223.839
362.964 86.4442
848.37 872.096
921.636 966.338
389.694 92.5028
461.354 338.664
677.845 846.259
480.857 506.777
631.171 736.806
363.336 127.675
662.228 817.953
544.065 656.826
384.674 90.8457
584.372 614.674
377.437 102.824
642.346 760.598
904.868 954.122
663.775 812.409
604.183 685.366
464.876 585.854
576.96 670.931
516.607 638.087
591.015 609.406
380.563 294.596
477.531 494.349
479.639 543.844
760.033 852.146
596.688 678.404
413.257 428.65
402.646 342.267
358.962 93.2529
438.074 400.541
950.303 981.028
619.416 702.581
380.638 211.308
706.097 796.131
787.226 798.236
440.414 125.24
522.694 648.787
356.801 75.2135
468.605 605.847
620.128 732.325
408.7 376.304
549.986 701.685
663.324 670.789
612.625 726.078
426.916 480.162
600.012 657.691
371.687 229.965
967.589 954.425
716.041 845.849
802.98 848.715
847.045 925.757
971.96 979.697
618.559 768.46
605.287 713.025
428.519 418.917
375.613 127.512
341.76 50.829
810.441 808.729
396.295 410.911
835.676 886.222
354.119 47.5638
433.409 356.991
827.831 885.899
356.552 243.272
433.141 328.123
744.404 847.149
646.564 715.004
406.28 98.2069
392.259 381.881
909.798 971.323
505.964 639.559
706.457 856.831
980.0 973.913
932.931 973.542
801.994 808.011
803.201 867.588
387.81 364.84
466.457 573.455
490.643 620.635
446.975 633.421
422.505 464.077
463.255 523.01
375.236 204.275
479.776 590.938
359.982 146.448
640.354 782.871
928.415 973.029
499.097 657.352
341.539 84.1165
994.211 922.831
624.003 706.157
836.122 875.005
387.744 269.482
786.029 859.428
417.794 257.887
443.573 432.127
473.95 512.706
730.011 856.67
542.463 639.969
339.117 263.94
417.56 359.1
386.534 423.103
650.955 839.16
831.096 900.364
876.376 965.54
465.865 560.589
863.847 971.595
470.732 475.296
364.321 29.963
433.627 486.216
444.576 437.304
343.982 135.962
781.004 873.218
431.324 460.531
903.603 971.1
434.86 487.686
747.911 831.196
643.19 819.888
455.539 565.609
363.474 208.953
328.276 77.9569
817.729 799.625
622.061 825.026
564.826 697.052
994.801 902.75
641.94 690.387
394.701 307.749
433.245 493.222
612.009 755.477
434.855 104.714
592.669 724.434
379.455 105.65
447.758 469.895
362.795 185.294
981.876 941.219
455.366 515.63
745.652 853.202
462.519 566.554
464.813 592.054
624.47 719.894
466.882 573.439
640.392 808.508
446.313 608.497
418.889 324.324
450.249 579.096
726.319 848.884
455.788 625.146
728.483 875.17
885.73 984.186
646.453 812.445
782.449 876.518
512.432 472.233
484.293 517.213
563.95 704.464
866.501 929.538
473.12 657.385
341.478 119.796
392.002 337.081
349.979 96.8966
897.603 983.762
993.645 945.622
602.517 700.214
363.493 135.816
394.008 401.634
342.092 202.805
487.446 626.655
358.096 124.476
754.415 870.459
833.373 911.382
394.648 355.223
440.33 522.769
435.417 430.365
348.022 30.3422
381.299 432.723
343.508 175.681
360.77 112.753
386.283 384.705
424.945 583.545
613.84 778.011
373.437 329.484
464.156 632.385
882.922 960.956
422.861 442.74
357.53 182.991
754.514 862.091
714.924 829.615
870.454 997.347
838.615 854.506
518.73 663.846
982.555 954.044
400.447 372.627
707.779 886.626
368.798 24.0769
397.993 320.959
364.829 213.735
385.325 371.088
332.393 148.649
572.505 711.662
426.761 556.668
451.839 537.11
821.672 895.956
622.069 795.774
340.772 61.7491
759.903 877.593
428.194 614.158
630.504 802.468
331.08 97.9656
330.67 194.831
470.335 639.688
857.206 978.107
910.506 995.7
348.039 13.2527
925.002 961.898
737.379 877.223
690.821 871.066
365.756 203.233
893.556 986.437
495.615 665.723
750.4 840.973
333.344 16.079
586.455 746.024
440.949 530.655
816.988 881.067
524.96 666.637
330.676 46.8237
371.304 407.728
975.576 984.533
340.087 14.2098
768.206 889.631
550.975 715.798
711.349 870.222
379.75 16.6297
986.029 971.403
331.074 262.807
391.305 435.593
331.401 164.007
323.586 139.696
540.617 693.744
644.493 844.422
490.173 530.179
596.467 775.74
888.306 992.821
339.381 109.609
437.711 601.229
781.878 891.61
710.933 892.368
352.431 220.799
512.009 653.183
332.061 3.43369
551.186 655.64
862.595 951.65
462.753 501.567
583.586 729.855
382.668 309.46
798.962 889.349
615.386 827.531
740.185 872.303
503.294 669.053
597.354 808.447
375.584 419.193
595.833 833.779
390.484 317.955
746.734 872.901
361.458 318.204
337.182 175.044
526.453 677.891
936.793 998.984
634.07 840.143
921.383 986.844
690.444 864.859
688.532 889.877
449.425 482.389
751.411 894.903
323.832 54.0909
441.801 445.89
451.252 575.55
486.897 638.796
508.516 682.401
686.691 856.277
326.781 123.106
886.001 915.621
301.653 180.948
597.472 766.655
422.032 616.451
382.057 460.075
355.151 298.236
345.264 8.0295
623.724 848.513
647.129 863.102
847.015 942.151
587.725 740.562
677.589 865.587
1001.93 984.103
355.414 197.92
606.887 809.827
344.628 225.618
414.3 499.357
464.676 482.274
600.481 719.98
644.422 874.94
482.287 679.344
593.722 767.272
419.18 438.202
470.904 676.091
420.371 601.273
438.517 576.876
979.601 983.38
371.937 359.831
452.542 578.657
728.319 860.479
547.594 709.46
443.825 507.503
344.165 281.855
532.262 672.997
370.679 -1.30283
533.38 690.994
670.11 851.123
365.177 313.866
305.269 62.966
567.275 728.23
354.215 294.013
824.284 926.619
914.079 982.804
548.424 741.634
664.456 863.095
349.732 30.8993
320.58 226.817
506.417 675.777
834.375 933.271
332.671 297.855
526.354 707.257
823.217 898.237
442.181 554.889
808.278 882.609
549.496 733.434
412.49 622.879
397.652 450.685
956.531 1000.59
331.108 150.417
451.905 547.855
357.115 143.134
574.976 672.434
354.732 2.12969
310.362 191.115
366.393 247.189
613.589 833.968
422.003 548.725
405.259 602.573
843.24 961.204
979.942 1002.48
375.401 272.311
362.246 256.967
752.837 904.719
695.372 829.346
690.744 902.767
397.475 272.604
996.565 955.903
349.864 331.439
509.655 681.989
682.284 881.506
329.927 291.869
422.258 535.339
779.548 897.296
372.883 334.255
353.176 355.362
329.071 191.417
416.328 468.506
401.788 621.848
519.655 693.084
520.935 723.829
813.159 927.537
995.226 996.782
427.17 400.233
344.397 211.908
441.144 572.5
336.022 289.643
370.485 453.919
826.591 895.019
326.182 242.339
503.552 699.126
809.302 917.783
346.74 318.783
343.604 305.062
409.928 388.586
334.153 147.507
362.577 428.811
802.447 903.944
449.643 511.21
361.886 287.788
588.419 832.022
610.342 784.662
322.999 140.547
369.382 438.074
362.361 277.868
314.994 318.47
303.419 306.738
858.493 998.323
333.307 279.856
320.042 17.9709
535.012 695.3
359.238 272.127
775.61 902.011
352.291 449.487
875.72 966.424
325.473 108.311
366.904 27.3145
334.876 316.237
435.843 620.285
422.162 632.493
777.763 919.123
373.289 303.151
863.242 978.772
327.52 334.798
517.059 714.994
343.978 354.681
377.638 260.316
455.266 682.341
321.802 103.71
590.704 793.913
568.329 768.075
659.43 852.171
373.928 348.521
785.061 910.425
340.274 241.533
319.738 87.2383
370.607 253.872
818.92 944.294
573.434 743.292
350.141 238.975
387.449 407.808
362.906 409.249
320.086 215.509
614.052 791.443
706.762 900.948
299.733 295.539
331.303 349.602
357.023 470.96
375.843 386.046
473.803 697.087
824.527 958.376
600.221 840.91
791.557 906.258
584.176 749.969
337.573 268.744
672.982 886.25
426.25 28.7165
436.942 509.537
884.083 1001.51
569.3 748.904
322.317 67.9567
305.435 223.435
342.14 342.609
535.839 716.85
336.512 71.2682
308.341 72.1775
284.128 239.817
847.5 985.164
750.353 914.402
407.194 439.885
413.297 563.226
456.095 691.92
389.784 -6.20136
401.17 488.054
591.684 816.14
579.851 781.095
416.961 517.061
356.036 440.371
422.682 505.32
364.478 344.724
313.067 87.333
802.948 949.753
449.796 651.406
372.844 380.853
796.378 914.172
393.01 463.934
395.617 611.464
313.138 320.264
319.207 10.0683
603.327 815.028
843.177 978.117
446.263 529.916
373.905 594.048
325.524 361.07
312.795 274.497
319.263 296.891
469.366 665.014
323.246 154.665
312.414 31.0943
396.46 607.757
458.801 656.271
320.473 335.156
307.427 44.8438
385.248 625.478
297.74 268.778
343.075 379.573
301.104 143.094
424.096 656.252
443.676 471.908
382.886 484.489
539.407 730.493
524.152 746.122
295.859 144.042
407.162 453.12
504.118 722.148
394.196 586.138
458.135 683.589
432.5 594.26
584.652 729.886
512.416 751.658
755.172 915.482
405.553 578.226
549.121 772.715
320.166 332.111
313.327 237.227
353.656 367.597
585.183 801.21
368.302 383.543
311.409 259.881
402.517 524.877
756.137 929.41
320.246 355.289
733.065 907.19
585.704 851.477
583.803 832.243
408.859 587.398
302.193 333.759
799.785 970.39
365.771 599.559
435.51 660.722
397.319 626.138
440.373 638.245
829.485 986.774
653.738 893.258
745.755 923.759
440.491 669.286
447.628 671.782
560.969 815.499
300.394 197.386
435.537 667.682
353.776 597.423
326.211 233.422
347.415 322.368
374.905 616.582
364.405 483.244
653.51 873.293
290.876 283.193
416.925 649.582
709.71 921.147
356.392 588.446
353.077 465.027
833.334 1004.17
303.639 210.978
444.529 680.454
725.662 932.312
365.173 408.663
666.638 912.905
520.741 728.371
305.308 42.9893
323.343 174.839
579.132 828.52
422.867 654.602
330.726 208.79
399.077 605.982
458.348 686.637
295.819 322.144
283.333 327.633
562.658 791.355
330.099 356.075
814.162 959.143
288.256 319.471
309.091 126.805
496.865 699.042
785.629 929.25
431.203 697.915
291.593 211.981
305.286 92.7348
349.931 418.261
557.039 784.194
289.325 230.71
631.747 854.218
390.245 465.934
291.295 86.9391
329.029 126.906
716.381 864.269
535.682 716.8
787.072 955.042
679.055 881.985
339.35 398.049
307.914 22.1849
416.127 675.148
293.682 120.798
475.626 699.046
612.98 857.357
664.296 914.514
669.119 899.702
544.859 796.593
735.71 897.132
277.577 307.043
615.798 822.473
289.888 10.6388
411.541 667.052
283.887 257.062
464.083 703.965
527.512 752.329
338.185 402.527
507.941 726.249
730.348 915.572
290.64 259.845
788.825 955.452
585.962 822.269
268.187 278.38
289.723 33.5863
311.008 145.024
817.159 991.505
435.711 112.4
813.009 992.17
571.853 843.683
278.193 227.199
333.561 476.344
295.939 168.707
582.253 763.274
595.534 861.33
313.901 203.203
279.758 331.644
446.541 706.042
350.111 611.264
387.451 445.856
934.812 853.08
489.623 729.946
316.674 381.77
301.638 105.756
308.468 276.134
351.764 459.931
410.393 484.649
581.652 876.568
403.879 524.32
414.874 534.438
508.094 739.454
308.818 58.1617
393.116 676.67
382.175 476.529
271.504 239.875
404.347 500.744
380.745 583.616
547.372 753.076
410.04 695.108
362.34 193.86
517.892 801.265
305.559 161.692
797.591 971.821
356.901 617.689
343.874 484.355
481.631 728.679
293.855 181.829
379.536 533.345
773.138 943.958
477.9 706.661
650.982 910.555
408.006 586.767
480.784 754.64
384.404 525.967
773.289 976.863
307.733 263.83
389.775 500.953
391.404 682.278
692.338 903.823
368.179 543.111
859.579 987.086
337.336 419.717
277.732 306.744
581.35 789.706
553.909 815.563
482.649 698.534
627.395 843.656
392.486 665.182
701.29 914.748
290.758 145.315
294.178 70.6167
831.182 936.341
271.193 139.304
604.098 837.682
391.46 578.484
284.745 287.062
365.313 569.057
386.29 548.137
746.26 945.248
382.845 330.77
490.099 716.402
301.386 112.905
759.502 979.787
557.795 731.441
360.098 475.297
739.37 937.077
397.461 621.062
414.678 532.7
308.182 242.918
293.177 356.153
820.68 998.834
735.415 948.393
392.729 538.918
341.211 502.557
296.881 348.173
382.302 560.846
594.39 870.446
608.379 864.43
408.579 457.632
568.219 859.33
385.256 554.214
543.087 772.789
764.495 989.309
820.398 972.532
528.39 768.628
324.878 385.387
292.585 345.736
799.239 994.284
781.804 972.131
649.094 911.969
371.941 509.462
343.259 576.017
311.754 411.291
468.53 723.289
267.81 279.897
287.214 49.4511
761.212 947.971
542.982 836.514
578.878 860.741
348.463 584.689
569.209 869.161
772.47 950.348
631.439 882.192
445.733 727.777
391.827 641.405
392.533 651.559
606.95 745.118
366.383 627.622
278.519 92.6206
357.979 530.44
272.714 270.929
414.04 544.269
328.197 454.254
284.829 85.6405
669.854 911.316
380.56 523.222
326.893 439.645
288.078 36.4431
538.209 782.1
278.651 66.6093
340.193 620.595
317.95 382.564
293.232 193.092
633.24 903.817
549.296 842.928
553.024 829.759
656.945 917.949
545.609 867.789
604.443 883.679
278.077 112.746
552.554 795.113
585.962 881.423
280.987 177.447
694.356 923.02
532.502 802.209
339.637 444.27
366.504 495.507
287.911 165.297
267.029 318.709
307.532 9.17545
546.165 860.305
308.041 370.332
352.178 635.616
292.077 112.563
358.906 572.359
261.252 293.427
466.258 730.511
363.9 547.801
267.643 302.662
271.536 359.356
327.982 376.349
526.66 756.347
681.784 903.806
345.225 597.227
252.759 320.173
338.873 647.798
782.056 988.014
769.564 1000.75
752.595 959.359
339.252 416.868
275.136 31.1399
372.811 493.158
502.74 767.314
265.574 105.628
440.136 738.833
292.99 195.739
495.3 752.76
263.809 165.227
664.008 884.673
565.614 890.962
330.393 424.204
268.834 46.6864
355.069 558.39
406.139 690.432
250.596 263.654
749.824 931.587
593.848 896.572
513.263 776.655
326.521 505.816
329.116 606.601
264.69 361.755
360.163 639.501
254.279 153.377
482.751 754.952
623.458 912.596
459.824 744.367
665.409 927.44
276.255 193.262
673.517 937.012
650.552 933.423
595.504 898.918
271.415 250.38
629.652 914.882
328.058 574.89
377.159 653.538
296.627 104.862
542.364 825.277
606.108 926.592
274.165 79.1163
262.277 36.7135
274.784 154.796
728.457 960.669
343.694 631.214
466.385 722.545
564.643 804.779
660.059 938.334
519.515 773.342
277.586 12.7221
371.153 671.254
242.593 260.383
701.87 938.353
298.287 393.359
377.874 654.111
370.141 650.64
284.549 370.345
315.253 403.52
319.034 427.419
247.127 293.901
406.814 649.918
265.925 84.963
359.543 511.314
315.199 440.601
707.011 906.785
287.371 269.446
495.013 783.785
263.146 199.386
718.198 955.407
293.982 380.077
253.75 55.8673
386.648 277.029
324.216 625.15
705.189 941.753
253.922 306.611
492.063 792.85
249.605 366.975
348.078 415.695
412.877 709.342
266.585 72.0044
275.322 120.707
612.267 890.542
332.133 625.313
313.427 631.341
605.931 913.832
323.734 382.725
601.635 904.578
463.816 752.077
713.45 931.883
324.432 459.8
512.423 790.236
507.392 778.655
335.812 559.68
261.575 174.567
634.24 940.932
278.941 161.185
747.121 963.046
378.295 667.23
236.424 287.235
516.372 809.957
253.725 251.522
681.407 933.451
753.926 990.725
292.378 374.687
528.753 816.702
798.431 971.112
466.652 771.47
284.0 214.94
690.271 959.037
260.715 25.5473
254.374 67.2104
251.44 96.5173
238.843 335.37
631.59 940.493
346.926 397.323
250.301 353.728
719.521 946.301
269.114 343.72
253.654 121.298
618.898 920.536
294.031 421.767
423.851 561.351
230.012 273.111
626.651 899.718
372.747 681.07
491.941 802.589
324.823 487.593
746.599 981.898
493.155 775.261
629.311 870.296
728.356 980.678
315.69 588.643
244.338 135.185
711.514 951.04
310.232 616.097
240.288 106.045
326.992 589.469
427.035 741.599
372.182 554.224
241.289 134.878
268.283 149.045
357.143 662.118
500.18 801.441
256.614 337.363
333.902 642.087
453.528 767.683
348.673 550.791
394.057 703.499
686.305 979.692
307.877 413.165
289.217 405.851
776.909 996.569
248.652 80.4277
467.385 776.243
266.369 11.3483
239.191 74.732
740.335 996.939
263.082 97.4903
283.696 392.593
314.083 402.471
316.682 457.54
339.228 558.05
240.012 89.9543
254.642 344.43
349.662 504.753
459.192 728.169
601.773 928.943
540.778 843.531
206.54 261.516
709.52 987.828
301.091 456.481
589.464 926.078
445.801 748.334
349.078 678.076
605.706 888.977
281.736 409.124
305.724 622.523
702.4 976.753
266.251 227.681
270.083 181.558
292.131 609.532
252.537 241.128
249.879 322.356
320.031 656.595
506.279 823.472
217.553 76.816
752.61 1002.7
595.82 931.753
574.394 910.285
303.145 582.371
425.09 735.227
354.415 520.441
217.971 277.567
246.056 61.6242
268.115 244.543
235.016 88.5571
256.434 373.015
256.853 198.659
232.28 262.818
245.448 151.761
229.83 364.191
332.828 533.281
217.837 364.276
445.966 777.289
250.478 249.223
219.997 151.579
218.823 102.703
535.215 821.837
235.17 73.6843
648.047 962.303
488.808 811.328
434.109 715.246
365.165 674.742
590.212 936.023
231.736 46.0354
288.048 12.803
243.703 303.534
305.31 565.832
279.607 388.803
212.39 264.464
581.093 902.939
435.297 760.652
307.411 639.017
244.324 196.092
264.843 242.159
236.194 320.701
682.186 954.444
268.469 56.9457
350.013 542.5
315.811 350.375
378.13 697.479
261.979 233.401
331.636 544.901
790.781 946.01
199.791 92.5195
300.57 642.16
248.79 387.633
306.768 482.407
386.715 707.653
254.963 213.145
349.468 664.824
363.715 687.988
288.549 10.0081
552.846 881.42
525.356 877.447
398.581 718.542
478.686 824.864
287.225 610.547
321.815 572.663
287.666 318.728
374.506 717.994
325.745 517.277
481.651 833.41
211.58 384.915
236.834 188.752
502.855 814.707
532.768 860.149
605.159 941.353
223.691 240.253
617.125 955.887
414.04 731.526
320.407 671.278
533.972 841.938
220.63 143.419
255.38 361.206
237.522 228.275
222.821 153.159
213.598 243.309
224.296 313.873
317.74 658.151
314.379 465.932
721.36 1000.24
434.826 788.635
578.964 940.298
251.749 -6.40947
242.13 180.836
517.202 836.891
204.609 130.903
187.548 134.288
662.312 955.506
234.462 55.0473
465.739 797.021
389.367 684.822
319.83 546.577
526.757 855.354
411.06 778.341
511.043 839.582
427.032 749.323
251.503 23.4059
190.66 109.134
469.231 781.094
309.098 665.938
306.668 567.88
600.708 944.793
294.458 442.92
345.397 687.284
247.653 32.1719
206.615 67.5424
204.613 277.251
253.815 403.938
328.791 681.942
225.598 304.157
227.517 118.893
711.921 990.832
274.355 408.41
252.742 379.15
449.619 793.348
296.029 434.418
464.11 815.521
698.532 980.961
247.08 164.602
555.06 872.083
402.188 729.221
210.584 316.804
201.281 111.617
272.223 400.86
454.777 802.869
279.562 615.22
706.999 982.789
455.378 816.975
549.586 908.465
577.776 918.821
402.913 743.079
416.68 713.451
663.082 964.968
239.648 391.955
238.298 10.5148
220.798 387.748
314.998 527.701
539.254 898.149
615.721 945.897
433.667 774.53
363.561 697.569
292.4 614.347
691.464 965.843
428.837 791.14
268.204 426.419
216.789 111.052
615.111 959.98
294.692 652.528
230.845 333.792
316.924 436.031
286.788 438.462
272.039 29.5604
575.172 875.398
521.521 893.143
401.135 736.222
260.396 402.233
171.265 111.029
491.467 857.438
246.862 204.989
225.583 59.1716
665.096 973.345
406.76 739.141
237.419 384.89
382.29 727.576
638.426 959.6
633.026 936.086
233.123 24.511
279.21 426.246
245.486 118.404
367.706 726.109
256.345 430.662
247.766 176.988
227.313 343.546
521.166 868.872
221.462 173.078
200.235 165.898
578.132 954.749
185.752 142.444
334.211 664.14
380.096 739.746
242.401 452.136
675.848 984.561
398.604 749.083
235.521 161.052
219.886 78.4302
280.56 449.271
502.863 841.35
229.115 8.02826
302.477 683.508
242.762 337.016
575.703 963.406
489.519 857.131
240.671 353.437
197.009 69.4233
347.29 723.972
229.767 406.386
206.857 293.27
612.745 978.834
206.474 337.811
227.995 30.4924
185.253 97.2108
298.624 468.251
422.198 784.88
217.844 96.5196
304.475 498.575
462.083 816.767
397.013 749.238
216.231 39.9111
276.709 468.146
328.06 541.29
303.294 480.293
336.483 703.924
313.249 522.567
541.338 882.742
559.582 920.619
241.518 202.972
178.699 115.704
699.418 995.724
507.23 892.802
785.495 921.492
287.169 603.216
429.819 812.575
194.932 26.996
309.08 591.613
194.508 77.3108
296.099 661.811
316.052 647.17
318.538 689.768
614.622 986.325
425.405 760.433
239.519 -4.2175
457.26 834.649
276.076 665.307
533.291 904.342
412.651 756.738
523.639 917.189
241.332 211.238
407.97 764.778
156.621 94.1389
389.42 758.883
307.104 540.599
185.588 134.9
298.352 501.567
156.123 115.114
280.544 474.269
195.78 59.1692
171.395 98.9475
291.881 536.859
168.798 63.2857
297.972 677.635
424.902 808.833
503.665 916.666
217.361 377.912
251.226 648.802
290.065 593.198
309.654 693.278
589.928 959.397
220.563 290.681
327.573 705.864
221.76 186.589
460.66 829.107
252.176 416.08
615.662 971.72
198.318 59.0859
214.712 48.5488
200.2 368.045
779.272 933.159
350.627 703.478
190.043 43.7978
289.047 684.301
496.104 897.652
398.998 771.413
291.21 490.564
210.095 331.882
214.27 232.554
521.534 917.391
590.973 971.332
210.038 173.22
198.344 265.606
221.056 194.691
271.301 637.839
468.181 843.934
204.382 -5.0583
566.492 936.455
194.184 148.364
442.975 844.097
213.118 109.385
287.219 470.09
223.969 349.99
268.587 478.233
161.659 89.6891
198.688 184.682
188.722 80.7006
671.781 982.857
227.892 374.822
269.921 429.678
550.758 914.784
449.473 865.358
224.745 217.774
677.957 1003.94
584.442 975.971
284.576 649.871
182.65 160.058
407.658 787.498
238.891 125.356
264.364 447.431
478.333 861.247
210.936 357.492
201.707 151.299
485.718 845.17
344.549 714.995
207.099 233.83
261.681 486.271
196.059 164.245
526.541 940.749
271.635 635.701
268.276 415.332
190.727 163.68
204.878 248.95
187.575 332.832
212.421 223.828
258.465 632.774
234.216 431.992
252.151 460.468
191.559 238.643
206.827 195.324
262.637 647.019
256.676 449.88
275.211 582.753
223.363 165.257
161.665 137.451
428.465 843.14
178.778 56.5564
284.055 578.894
251.62 639.497
428.825 701.431
573.375 986.315
240.052 436.565
226.001 425.078
264.896 586.635
188.526 294.656
198.855 299.822
435.795 835.451
241.025 413.859
637.506 979.474
214.921 413.94
448.264 810.406
367.926 736.179
280.502 509.942
386.756 756.952
690.876 974.034
146.796 115.145
361.201 729.341
193.849 350.155
591.823 978.584
447.241 882.75
239.357 110.781
272.607 607.101
255.598 662.809
230.313 654.858
488.797 877.709
269.105 617.128
658.255 973.127
297.787 518.89
193.189 309.42
145.243 135.166
426.395 864.957
193.145 227.248
163.516 147.279
170.726 158.041
368.997 759.386
207.669 409.314
256.563 5.5431
273.154 491.812
280.924 691.813
387.248 717.248
382.501 768.514
569.825 950.237
629.332 992.764
280.169 574.015
160.333 74.1718
184.416 263.706
291.137 474.358
173.981 276.645
553.964 953.508
163.855 55.7901
666.409 995.278
201.683 401.621
437.597 861.154
545.232 962.742
565.674 975.069
184.923 195.259
571.925 961.001
485.172 874.288
294.079 715.624
280.643 663.145
548.362 988.506
176.465 369.074
247.322 376.151
410.015 801.249
291.59 706.85
306.673 622.926
396.69 818.278
184.084 389.637
247.066 620.668
610.175 992.539
241.447 464.471
467.965 858.304
237.889 639.399
555.311 996.735
306.894 719.484
196.263 288.158
504.955 935.861
190.054 67.8243
394.67 772.242
544.593 933.869
188.241 251.25
647.56 991.151
557.96 933.243
136.888 129.479
545.244 974.658
182.975 290.64
193.354 214.01
260.954 597.155
162.165 276.33
193.665 322.032
182.017 353.208
184.714 178.067
312.022 499.597
287.833 734.101
202.071 386.253
283.24 564.474
275.016 584.55
358.865 746.322
148.578 109.243
472.653 873.496
506.227 880.18
181.053 338.813
424.256 850.363
168.216 347.385
483.965 908.149
182.438 206.102
301.66 546.776
246.253 598.615
188.737 22.559
148.624 152.486
185.222 40.1722
215.894 331.15
204.572 53.2461
174.543 213.8
147.628 156.996
177.564 174.298
161.291 244.948
325.445 712.385
240.902 278.428
559.056 984.4
357.738 749.433
352.497 748.78
196.412 421.762
348.97 776.873
448.713 889.265
193.959 202.91
573.392 996.726
249.558 481.634
452.733 899.172
270.747 547.018
584.521 985.8
546.535 965.305
423.723 827.692
176.211 183.419
585.229 997.245
403.235 842.735
161.203 350.141
400.832 823.766
156.119 182.165
281.784 546.298
175.444 80.829
255.811 582.858
622.208 997.986
234.447 440.885
206.459 208.663
334.761 732.28
294.468 531.752
222.45 424.27
356.351 764.473
480.482 876.916
133.881 119.832
231.015 660.206
331.521 745.611
539.968 1005.11
521.048 944.621
268.613 719.065
140.756 132.215
153.085 215.695
389.978 789.155
295.51 -0.926195
228.404 463.195
257.953 561.68
299.772 536.117
397.278 779.919
246.092 570.868
217.0 229.007
319.848 721.738
419.96 841.572
129.087 166.058
537.599 954.744
390.365 813.224
149.339 61.7083
160.742 212.477
473.931 893.057
333.12 742.64
176.216 241.815
166.791 200.442
328.001 746.478
302.672 706.435
374.677 778.774
220.297 465.76
162.354 23.3942
505.845 946.766
454.415 901.071
446.675 879.706
237.007 559.481
144.821 51.2025
312.54 541.261
434.046 857.515
152.973 87.277
228.646 472.589
343.997 729.861
503.205 857.69
316.316 727.752
141.616 195.471
272.411 702.007
436.617 889.619
226.223 658.048
226.224 676.004
169.727 255.741
539.502 994.412
151.7 38.6165
637.777 989.225
194.179 417.782
151.025 204.874
179.564 327.707
170.125 38.5344
544.153 942.941
282.93 532.098
411.847 851.024
120.318 142.886
134.668 50.632
276.411 530.673
265.75 497.454
482.745 918.642
190.116 249.41
123.964 106.404
180.433 254.976
294.775 729.393
205.793 18.1919
439.883 907.504
153.075 194.041
439.132 881.568
182.941 35.3661
261.711 519.69
777.583 943.196
136.841 234.112
360.143 796.826
258.664 544.897
214.678 448.789
168.988 261.816
341.762 771.483
167.822 25.4487
232.767 593.76
183.225 306.894
260.763 717.414
240.092 686.225
223.145 687.527
140.662 235.073
247.935 492.631
224.482 699.909
228.376 482.96
209.185 459.122
194.042 203.387
223.12 601.574
495.422 912.902
241.798 605.774
141.665 87.4471
196.075 -0.690524
429.413 881.897
185.217 409.141
418.685 830.037
125.553 84.3641
166.272 360.65
246.786 509.55
188.859 386.028
171.097 329.895
343.983 786.397
287.393 749.617
130.905 78.8589
528.948 963.909
425.221 889.709
210.528 656.322
132.921 156.245
115.299 80.7011
415.952 900.485
124.356 177.51
136.182 174.118
383.452 791.89
263.671 682.017
113.662 125.282
149.765 331.013
249.389 698.89
233.539 584.326
324.429 757.808
184.494 13.0842
489.83 955.837
469.811 916.739
170.121 9.8849
144.091 244.66
412.124 871.772
308.323 748.436
193.08 24.4269
446.719 814.335
271.804 684.198
315.966 521.419
150.75 -0.529853
261.075 696.507
522.153 952.247
171.696 376.188
226.728 568.291
437.548 914.186
490.742 904.138
321.937 790.403
352.018 778.679
269.18 726.094
158.697 18.5188
230.489 643.204
147.111 209.338
425.623 904.855
207.018 28.1315
132.913 60.6069
340.558 801.19
223.235 439.476
225.473 626.667
169.583 312.732
207.398 645.343
166.348 307.658
266.731 742.276
237.077 690.388
166.344 239.646
164.789 395.135
318.489 771.199
220.348 591.071
448.052 918.799
211.026 470.344
260.686 708.173
137.682 190.649
137.172 162.91
326.845 794.078
231.911 700.885
237.708 547.216
115.887 114.461
233.146 628.769
399.746 883.175
213.58 680.73
291.194 768.376
322.105 806.492
455.537 924.984
266.731 761.632
159.824 303.498
216.072 616.176
161.419 360.963
414.27 920.343
248.298 711.422
123.628 94.6643
148.937 283.759
182.225 4.19796
109.38 103.701
183.377 396.115
208.355 429.716
108.047 192.814
395.838 820.757
476.137 931.362
255.012 742.308
259.75 671.373
221.749 473.733
257.572 720.955
251.429 540.166
412.106 887.033
515.217 974.971
253.754 553.602
170.251 282.018
464.93 888.647
226.159 733.595
211.177 598.967
120.75 44.7625
141.63 335.293
315.756 767.974
207.753 -8.39436
248.866 737.082
497.597 953.889
128.697 221.697
203.286 585.038
244.677 631.485
201.483 469.204
464.542 930.398
198.976 668.866
185.924 431.456
109.429 38.8888
145.297 17.3796
525.149 959.899
200.226 577.711
160.86 414.437
153.449 252.229
108.637 80.902
212.403 478.781
219.245 668.673
123.729 90.3812
491.015 940.708
171.368 378.935
370.504 814.716
146.236 351.926
227.547 512.343
247.798 522.38
239.734 525.782
127.49 237.597
148.681 27.6833
151.445 369.802
129.352 150.058
226.773 571.973
396.192 862.638
140.629 364.877
191.648 666.423
132.637 246.3
392.572 879.171
280.129 767.056
253.307 665.339
382.291 848.214
113.263 217.314
211.082 570.274
302.088 775.495
111.604 28.0859
112.081 104.036
505.923 965.448
188.258 452.305
177.066 657.688
98.9377 143.578
225.581 533.684
105.335 159.281
200.745 471.03
87.5727 103.871
203.806 683.418
204.401 580.795
191.334 445.996
133.371 361.156
385.449 819.221
130.819 36.8078
112.879 145.691
397.103 917.398
298.636 792.857
128.233 26.0944
184.163 645.725
125.38 153.947
152.344 387.362
132.177 131.502
218.829 713.832
111.347 359.798
186.994 629.059
384.987 856.669
149.239 313.334
492.963 975.769
143.568 210.53
489.634 937.698
105.202 95.6873
497.752 995.84
306.917 760.916
127.438 19.8118
115.346 370.681
182.352 439.495
176.678 462.749
276.104 790.825
107.707 215.921
98.7273 234.688
214.865 556.5
233.944 488.276
124.343 72.7485
121.023 200.419
435.327 932.794
150.984 407.344
135.52 296.71
507.799 975.496
244.554 713.12
250.408 549.445
144.665 289.52
224.523 725.211
202.309 430.159
527.254 997.503
247.151 735.537
134.887 257.952
131.289 348.987
139.241 381.223
84.0793 120.854
134.282 346.111
196.642 609.27
307.512 801.665
526.733 990.404
232.17 507.168
210.525 548.562
169.674 435.21
138.562 274.712
202.253 636.105
307.654 779.736
481.62 800.517
150.552 347.925
177.286 320.267
116.143 339.154
369.7 819.818
300.049 786.727
209.087 617.544
171.55 588.599
189.682 595.76
184.114 557.892
165.611 644.491
206.527 529.914
137.473 403.754
189.597 681.271
119.558 237.123
487.202 996.037
133.879 84.6077
490.676 981.578
480.819 946.918
161.374 589.227
257.304 749.822
207.248 558.582
268.185 745.189
100.669 351.842
224.442 502.145
470.199 941.785
184.169 279.462
126.716 31.1943
178.744 422.263
100.984 152.774
200.44 563.616
138.695 411.26
363.709 875.825
317.089 760.419
181.544 683.463
357.56 797.928
476.45 972.263
110.767 245.861
431.049 939.23
372.578 791.045
233.107 750.527
99.7763 59.3322
124.028 371.999
348.944 816.069
372.519 897.454
160.169 692.278
362.695 829.41
203.249 608.959
210.629 724.595
469.506 962.313
112.75 362.824
107.562 167.72
179.177 710.981
150.375 418.363
391.153 834.355
199.611 712.687
199.203 528.044
494.268 974.097
178.346 471.337
482.299 959.643
146.455 408.173
141.51 328.539
190.571 696.004
112.635 250.839
307.689 797.268
160.288 426.456
400.055 923.9
92.5673 367.839
92.9213 178.516
279.733 765.395
114.537 53.8766
98.1345 207.097
119.356 258.695
244.138 767.723
217.125 771.025
83.8602 126.916
360.785 841.491
153.627 643.606
197.416 643.183
94.5351 21.9665
117.997 275.103
106.424 188.859
81.9132 368.316
154.699 666.943
197.021 670.738
151.493 280.317
93.9598 348.872
151.929 180.143
172.711 441.44
95.2823 41.6406
171.132 712.821
84.876 132.822
109.367 58.5506
141.015 669.607
123.306 389.604
169.044 631.295
158.693 679.214
218.764 538.392
199.421 613.462
178.868 527.91
383.792 902.136
129.165 662.758
167.537 573.136
146.859 693.233
163.097 538.759
195.892 726.795
196.972 488.785
172.137 666.862
161.448 476.984
105.606 5.58391
119.107 217.725
71.9706 45.739
141.783 683.608
220.678 646.462
161.578 659.282
109.271 394.153
103.611 27.746
151.263 446.918
480.148 997.404
269.659 780.777
188.191 611.463
165.053 485.461
471.386 978.992
131.8 308.394
162.663 623.793
134.564 433.321
437.56 955.892
104.034 199.484
213.848 742.733
346.033 842.207
230.443 745.497
123.031 413.096
158.495 591.231
82.0666 372.213
176.958 521.404
143.326 470.776
142.685 687.16
373.281 870.582
268.513 800.772
150.775 710.826
125.085 688.035
173.259 551.004
82.7658 88.4953
233.023 769.063
385.615 922.74
84.9804 349.915
123.809 424.245
397.515 895.285
67.5893 144.461
314.271 819.827
96.2633 216.724
295.953 806.793
372.447 847.193
107.948 271.423
72.6889 58.0793
83.2155 206.494
387.555 934.001
216.851 497.829
110.068 693.44
139.584 -0.482295
98.359 50.5782
142.512 451.01
358.985 882.702
87.6836 80.3983
214.444 747.927
377.374 908.346
129.506 708.843
157.544 565.669
138.701 700.275
107.661 671.549
98.4897 243.473
412.361 939.872
126.192 643.804
126.978 1.56158
151.16 464.213
73.7893 211.428
366.311 937.827
182.173 564.209
72.9203 208.216
149.741 495.193
399.329 954.549
203.812 743.179
189.004 484.33
71.6028 86.5366
92.1622 217.142
85.54 61.8633
160.958 603.582
430.112 958.441
209.453 505.935
126.814 479.279
80.0075 107.28
102.619 136.391
182.244 711.611
75.4054 194.447
137.573 715.484
187.224 502.53
258.316 773.761
153.073 718.32
135.821 282.716
189.697 521.477
156.749 466.753
316.037 822.256
65.4169 103.683
340.541 813.607
282.844 802.739
69.7413 369.163
88.8978 168.007
106.883 413.583
255.244 793.043
388.995 946.886
183.429 541.995
330.632 829.378
125.449 436.819
345.541 843.366
409.456 916.059
189.732 761.575
100.348 409.31
307.312 833.982
155.57 453.439
242.206 786.599
167.904 562.265
147.01 539.004
116.693 426.469
153.297 596.745
116.113 464.493
61.4198 53.9025
71.9403 71.9507
157.087 447.904
195.624 701.999
63.3401 124.449
400.013 947.694
129.799 610.333
66.9402 162.645
99.649 254.434
455.226 973.482
466.852 988.122
160.308 541.046
172.049 732.178
48.8262 103.437
72.3413 171.336
97.3084 20.9559
88.3734 391.827
168.255 498.034
144.097 617.784
81.3659 412.538
70.9282 398.006
297.719 825.554
214.658 790.796
157.285 738.086
357.718 920.296
124.258 467.822
148.237 548.636
81.1609 28.0397
74.6495 393.114
129.914 295.003
454.38 953.534
178.276 655.124
425.919 981.863
54.3847 72.6837
62.7389 23.7776
165.49 606.787
138.152 733.116
156.797 636.924
53.3818 89.2797
74.5803 398.189
186.441 743.288
57.914 59.9004
372.394 856.856
320.189 830.45
208.944 759.367
142.347 558.495
102.108 387.914
328.741 849.948
143.958 579.593
354.012 900.587
63.6283 146.893
85.0444 111.288
123.638 716.877
339.742 815.978
171.533 700.334
134.843 581.08
74.5092 187.846
117.145 309.126
390.228 939.862
346.665 938.971
154.482 752.532
281.203 822.079
110.454 436.036
130.486 671.178
131.718 744.525
181.668 720.276
122.921 551.382
321.663 874.586
58.3521 172.946
77.2816 419.448
60.9043 410.821
196.397 536.886
93.0536 262.887
110.006 711.861
45.5836 50.5618
52.6662 421.49
124.853 571.869
72.5089 218.668
447.138 980.123
442.43 967.904
72.6903 393.935
202.719 678.59
124.421 294.93
39.2029 89.34
58.324 94.3655
47.0844 200.69
377.079 934.386
125.867 593.026
121.163 327.018
147.139 522.181
147.881 630.835
409.581 967.877
128.983 618.402
357.539 861.743
36.649 185.205
69.2776 440.081
66.5378 344.965
65.506 377.78
447.72 950.716
325.61 821.019
120.839 267.416
112.802 281.42
56.177 135.859
300.72 843.273
167.878 506.043
95.885 375.478
53.6766 218.959
296.588 818.345
100.327 457.889
118.43 660.853
178.015 753.644
85.5425 148.049
90.34 423.293
166.003 467.789
70.9411 244.385
394.946 969.416
36.6768 91.8776
119.822 620.835
373.227 949.261
96.8133 331.36
68.84 419.214
466.901 1000.13
81.1119 269.881
366.678 913.244
113.636 621.206
142.682 614.161
72.3895 358.769
115.146 660.051
127.634 525.361
131.927 455.328
365.313 967.01
177.978 739.446
110.634 727.113
71.399 21.01
334.357 867.415
25.0346 70.8319
444.945 991.761
140.508 443.186
66.0225 359.514
136.189 649.905
49.1406 39.0822
96.496 433.314
240.161 792.5
108.731 154.639
113.719 678.665
83.4664 315.817
444.624 979.969
82.0488 278.643
112.735 601.895
139.324 610.331
99.2103 438.467
62.3847 135.423
315.571 829.271
101.92 483.773
206.746 756.133
84.2715 451.614
154.589 737.108
46.6016 427.84
290.963 868.349
161.275 779.462
87.4233 340.59
74.8981 462.194
137.24 531.23
123.1 638.912
53.5843 183.359
61.2208 371.203
109.806 447.916
42.0205 217.894
69.7762 136.158
280.081 825.536
82.5099 424.041
96.1213 627.801
372.846 977.898
165.332 525.714
132.848 461.759
92.5363 -11.9904
149.809 508.087
357.409 943.364
377.654 959.995
327.873 851.123
37.5889 354.139
318.641 878.51
264.614 810.366
77.8489 439.406
143.523 510.316
100.803 422.749
108.477 492.334
57.8917 323.734
43.7761 116.457
389.308 968.776
92.391 292.451
413.164 970.908
103.382 700.292
215.968 772.933
290.255 845.102
86.9825 283.32
180.747 765.504
195.422 787.457
42.3733 103.642
182.522 779.028
240.872 811.958
113.817 480.445
116.72 666.551
37.0549 24.9503
358.586 956.474
50.2819 78.2175
347.441 905.921
56.4928 306.599
80.4298 449.025
72.3048 234.7
108.254 591.881
113.812 551.792
37.4228 4.78063
154.103 783.459
72.4748 450.036
161.246 520.894
73.9883 325.95
92.4434 698.979
51.1063 460.955
427.408 981.852
85.6962 439.07
132.374 350.458
344.616 880.231
277.715 830.36
118.82 690.472
273.132 774.087
124.226 536.402
91.3217 305.008
40.3837 433.524
45.6169 381.019
101.224 496.754
106.684 494.298
434.174 997.245
60.7934 276.952
69.5024 259.46
103.597 319.483
246.947 495.757
78.2322 9.93588
40.1676 162.863
20.5868 99.7362
186.968 757.477
239.779 807.286
411.286 982.315
365.103 994.639
169.928 672.937
38.5552 211.396
145.47 767.24
22.0601 215.467
375.588 997.999
99.8007 690.074
107.39 546.721
384.809 989.339
101.783 530.515
220.719 805.225
98.8719 564.719
404.753 991.287
327.825 969.998
85.2554 292.219
87.0332 662.237
204.959 790.542
32.0365 350.756
37.0997 87.6275
251.619 785.643
46.4378 401.186
62.1848 247.311
138.338 556.012
345.697 962.129
189.668 789.791
137.951 758.479
228.249 773.42
45.0012 54.4151
137.885 500.57
116.975 304.723
190.789 786.71
48.0544 341.331
392.817 999.021
349.737 983.367
232.993 814.202
266.815 850.378
109.134 537.509
444.935 940.687
256.204 830.09
82.765 671.129
288.715 862.874
359.594 977.395
111.208 643.359
36.5999 137.107
332.24 905.309
80.9359 688.692
413.386 967.281
95.0434 555.295
191.374 811.996
44.2971 424.67
26.7149 424.665
25.6837 213.679
55.5995 314.267
86.7878 647.479
58.3272 445.97
287.722 864.373
408.223 998.222
40.9386 241.556
360.095 871.955
84.064 473.222
57.8947 295.194
30.4994 168.947
32.7373 55.4396
81.1073 544.266
129.492 577.25
8.24342 133.582
106.388 460.515
26.7188 196.315
427.784 992.615
99.4256 575.13
176.273 823.087
116.125 517.189
320.928 956.42
184.778 765.84
60.2156 9.60181
319.891 968.618
98.0552 302.437
125.72 2.3219
48.7472 158.704
49.3236 321.557
58.4394 141.392
174.532 796.074
82.1269 507.272
313.876 881.975
77.5185 240.316
127.192 442.262
209.431 802.711
281.971 887.914
37.76 366.939
92.6247 591.31
204.331 522.223
25.6718 126.748
264.407 827.113
235.575 848.733
69.0596 561.14
76.636 516.433
246.68 852.475
353.302 912.488
31.4207 463.226
94.7762 615.345
38.2157 149.764
29.0045 384.633
304.511 969.557
126.926 492.076
24.6459 366.674
330.69 877.949
168.235 810.041
279.25 862.526
43.4447 313.727
18.8033 173.696
23.0288 200.112
175.992 587.389
304.455 898.051
71.1061 634.315
11.555 153.361
100.343 509.721
70.1762 704.408
19.0363 427.869
200.697 806.88
32.2388 232.804
74.1563 623.007
186.805 818.275
90.8289 532.554
51.8721 464.118
-0.30889 157.979
345.431 1002.22
89.3071 474.03
21.6265 233.958
107.16 519.499
50.0732 -0.602175
273.597 857.878
7.38218 235.167
226.066 823.934
17.3767 212.79
50.0967 298.811
309.895 985.462
51.8203 177.944
24.414 45.7244
58.6761 555.071
80.4459 565.367
186.413 838.926
229.35 836.671
251.043 826.821
175.847 793.059
84.3646 484.067
73.5997 654.292
27.9521 117.239
39.6877 37.3972
36.6053 455.973
24.6748 403.624
56.883 4.89467
163.001 745.591
86.7 711.366
13.6305 188.106
96.6321 722.786
80.5646 262.223
42.9495 399.873
91.4549 517.909
117.411 557.704
15.4935 40.4605
18.6513 384.275
8.27114 142.672
162.331 800.505
49.7683 327.178
321.165 991.485
26.152 29.3165
46.0458 459.4
26.8642 240.842
104.011 746.961
95.2385 729.494
64.5464 541.018
68.333 721.974
28.1312 267.301
96.7867 582.995
273.695 809.331
7.07486 194.667
5.67817 175.551
5.75822 209.223
55.1153 233.149
67.322 220.666
15.9186 124.831
180.186 851.112
296.207 998.768
209.759 826.499
99.8573 602.101
80.9104 519.064
263.364 823.324
14.8852 77.4319
264.3 853.683
75.2661 635.928
9.4973 439.559
37.396 290.216
34.532 38.737
82.1199 732.707
18.1814 328.833
68.5141 578.964
293.652 992.714
305.091 866.13
58.1163 683.284
69.1706 486.451
20.2241 10.5285
33.6879 371.405
160.046 808.488
160.742 839.279
181.994 855.33
340.352 992.867
168.754 561.547
194.695 807.998
139.376 761.035
307.107 987.331
16.2412 6.85833
337.719 919.513
64.0716 487.975
67.6438 530.713
18.4353 397.422
27.2459 183.391
338.942 927.236
89.4933 611.529
332.989 868.481
7.90485 251.983
13.2363 106.927
9.54756 112.514
318.394 901.574
317.47 994.542
173.653 626.923
14.0022 59.6883
124.657 772.222
23.362 298.964
107.155 335.914
114.732 709.873
36.2315 327.109
33.5599 474.651
293.826 976.028
123.419 792.842
310.923 898.04
20.282 348.239
192.18 842.95
65.1875 740.73
59.3714 509.78
236.475 875.572
9.42396 31.9513
46.8339 279.899
79.4546 717.338
68.693 674.136
63.0777 706.092
13.0144 420.015
6.13439 226.017
325.314 1004.25
112.019 735.333
432.733 965.312
58.6699 259.938
295.262 961.69
7.03305 64.2127
115.761 755.491
163.666 862.269
-3.32726 404.071
52.1074 490.186
32.3901 257.807
36.4365 341.581
7.68458 87.2407
282.82 893.68
29.4593 460.932
106.162 785.022
353.65 928.587
0.944405 23.2405
299.202 938.58
256.771 983.11
288.275 904.586
12.718 445.061
2.45511 129.241
-3.39873 49.5063
212.041 564.318
50.4928 583.621
38.3516 242.41
11.2417 262.75
205.033 828.562
206.733 854.799
129.524 796.13
45.1426 135.762
18.9041 245.272
58.8773 513.472
284.626 911.936
82.7388 599.396
136.679 838.618
70.2847 611.927
54.6222 708.27
2.67231 313.341
22.9163 342.696
124.439 631.892
319.501 933.648
283.32 970.336
317.509 923.405
338.341 945.286
27.6185 451.43
-5.03637 77.5686
295.494 952.69
106.852 751.903
57.6173 541.905
313.809 915.016
46.4746 265.985
149.264 794.334
3.83276 318.695
49.6557 525.978
299.83 926.866
64.173 465.193
15.8423 314.246
297.511 974.309
35.3223 554.188
66.2269 675.47
288.217 942.06
154.383 773.692
37.8875 525.958
24.5818 415.125
191.956 848.184
52.6542 739.577
66.6243 586.04
141.014 774.16
153.822 825.171
314.77 913.465
22.3578 479.608
6.87035 303.896
147.466 828.679
30.1448 538.146
8.77099 464.203
65.3834 717.043
14.9504 488.949
10.7982 305.346
7.92941 448.192
17.3594 289.612
246.349 882.694
121.551 788.913
122.571 754.593
9.4795 65.2669
217.879 878.108
50.3729 719.345
331.249 892.677
132.609 812.207
170.408 806.783
291.1 896.734
51.9568 593.931
61.1865 519.845
64.283 624.024
39.4981 291.109
61.8517 654.278
2.77882 385.865
6.66418 339.402
13.1403 383.661
114.845 761.855
269.592 898.346
101.206 770.489
1.97361 500.637
91.0101 777.527
8.75547 298.717
238.181 903.559
29.2609 716.962
75.3974 763.153
18.9899 467.532
12.5032 363.719
57.0695 639.793
1.68799 358.285
49.7224 501.43
10.7855 270.656
47.3425 568.415
66.5283 761.602
213.062 836.642
3.15124 336.871
97.959 796.745
60.0735 589.878
183.894 862.627
235.204 863.883
278.084 963.313
282.832 917.496
56.036 273.618
149.197 844.6
3.31834 279.729
75.0677 743.78
213.252 876.629
68.4471 660.152
317.921 936.709
224.528 857.527
61.5515 666.493
161.824 871.989
40.5096 682.488
16.4605 541.693
92.0454 769.515
46.2248 743.316
120.642 802.461
69.423 535.666
202.107 883.267
77.3338 769.192
93.5291 796.591
27.4721 276.856
176.695 875.668
36.4046 562.029
280.857 973.534
64.0108 782.98
254.052 969.881
153.853 861.589
212.186 862.933
46.8591 660.452
23.5051 519.416
155.275 870.696
250.718 958.674
23.4159 513.003
34.847 502.416
49.8646 349.872
235.217 894.643
15.7886 499.053
81.7655 593.256
263.693 915.585
232.953 921.703
275.468 929.344
244.454 908.163
30.7549 664.775
45.1838 673.131
289.3 942.226
159.175 822.368
58.2468 625.698
61.4142 604.682
261.639 880.907
158.58 883.114
251.045 874.054
45.5454 576.6
340.361 948.846
56.1293 616.94
47.2924 503.152
32.6787 723.466
8.38953 469.393
270.214 954.325
0.0224526 413.388
231.44 852.423
259.448 923.791
238.452 984.746
101.06 819.333
-0.0848967 511.053
36.0935 698.952
266.511 855.651
20.0171 380.816
247.688 860.014
217.774 900.068
230.735 939.056
50.8728 692.125
267.144 888.621
248.365 896.593
49.9714 617.821
3.30459 514.178
12.9073 713.404
199.688 902.455
270.901 1002.06
184.927 887.844
112.173 830.495
243.198 997.181
48.8406 734.132
105.623 813.411
122.699 869.637
97.9249 833.823
29.4927 538.52
59.0187 785.573
30.339 647.787
241.96 955.362
181.185 905.907
43.4656 624.302
135.911 827.021
56.0064 801.267
37.6943 632.142
73.7133 803.041
20.1427 567.275
36.8311 749.156
136.296 856.403
127.879 817.995
252.428 981.137
133.758 840.26
25.616 611.24
5.8045 712.066
204.983 889.563
272.202 939.121
20.0841 738.184
179.978 883.891
2.08546 544.343
8.98493 536.999
105.075 840.166
33.6944 684.443
120.331 857.801
65.8477 789.591
2.95081 558.305
173.972 903.072
134.224 883.7
53.2011 757.409
34.7602 571.637
118.987 862.865
57.0521 802.42
23.5484 564.288
116.706 844.749
79.3464 822.646
126.79 825.684
41.161 595.446
258.488 898.845
32.8331 743.101
249.094 924.266
178.689 915.324
9.21459 572.74
97.4137 748.902
250.849 940.052
63.1879 484.885
22.229 621.661
198.775 874.891
102.699 856.727
27.2903 632.392
11.5002 580.676
8.59195 6.25758
348.775 994.463
60.8406 776.229
254.776 997.979
72.8432 769.697
122.524 870.484
85.1568 829.696
23.9034 754.388
236.455 965.166
136.235 905.286
87.7852 827.405
1.89211 539.886
282.695 995.106
9.36692 675.191
197.727 914.246
23.9005 699.573
166.042 914.369
191.244 907.635
160.731 881.677
17.7234 588.265
152.571 905.249
215.925 930.528
45.0471 664.135
3.82243 760.441
36.2119 611.985
-9.35631 734.416
240.151 937.516
168.82 916.809
138.548 873.824
18.6685 687.933
227.274 954.769
15.541 598.009
33.818 781.919
38.7898 764.847
25.1274 653.581
17.4097 636.565
195.099 916.769
260.044 967.403
10.2609 686.884
72.6711 824.677
216.882 982.082
38.3362 794.583
137.619 879.38
46.0652 745.435
4.68393 654.065
93.9099 866.852
9.70681 656.514
71.1435 781.78
102.472 868.917
85.8062 853.2
86.4472 838.634
30.7757 788.569
7.13766 714.121
89.5032 888.475
140.734 921.178
1.52953 683.652
69.6436 609.682
25.381 777.681
6.99739 650.229
147.169 906.369
61.7602 829.271
204.575 928.078
221.256 939.478
161.727 939.505
227.406 961.949
217.564 952.901
228.73 986.139
200.947 964.49
235.348 978.47
44.7986 836.124
104.947 892.433
29.2709 664.753
-6.51469 286.891
37.8379 818.075
240.593 919.312
89.6067 838.118
49.9317 547.651
188.469 930.911
192.252 943.354
1.83368 639.345
9.73004 770.366
-3.18737 613.63
158.753 921.234
145.08 945.776
68.847 849.66
214.916 936.232
72.5612 864.271
8.9128 591.569
159.749 948.192
72.25 891.747
139.006 925.424
59.7638 825.681
223.324 988.538
119.988 922.679
-1.86261 98.8035
142.525 949.818
181.827 949.724
19.9603 781.895
44.0649 825.65
220.137 998.815
14.0757 603.435
204.751 996.644
197.282 978.297
5.32567 744.97
18.5893 664.911
139.823 924.409
5.84678 806.563
41.7117 840.741
118.849 891.887
211.827 951.622
6.09855 827.149
170.042 965.546
108.351 929.067
44.248 857.716
78.7384 886.608
129.711 930.888
170.564 963.051
14.3602 790.76
96.2718 948.276
16.8194 762.394
56.0493 834.081
53.7933 861.786
7.96216 813.777
21.3466 621.196
189.131 972.432
27.1495 840.752
170.135 988.128
124.021 906.617
188.987 966.803
61.5398 909.916
204.063 985.944
118.356 922.291
180.811 968.733
55.0521 870.603
156.051 982.832
89.8534 967.651
129.895 954.337
106.887 942.239
34.0019 868.761
182.129 985.035
184.949 997.992
36.2959 842.48
24.1538 801.651
89.443 935.111
75.6455 910.539
88.5118 876.857
17.0375 856.933
16.0724 840.636
104.063 977.067
66.365 873.292
107.098 894.483
11.8775 734.749
123.793 970.172
1.82837 848.97
155.884 1000.73
147.232 978.099
104.771 917.152
88.2216 904.259
25.8943 836.367
88.3484 897.551
-2.23914 832.722
80.8077 951.617
99.4981 922.923
39.8087 874.305
73.8356 916.126
55.8285 892.709
142.261 955.679
61.2883 898.365
70.8753 930.436
37.3028 889.875
134.073 975.815
30.1232 884.17
26.5099 871.519
87.4577 977.429
29.9989 914.254
145.008 995.293
47.6568 909.537
54.1713 923.201
119.65 948.138
71.0204 942.393
25.2262 768.843
41.1177 925.289
115.005 982.277
48.1481 935.306
120.958 957.723
69.1 885.98
4.33681 862.639
147.238 975.026
74.5431 950.906
63.4431 952.583
64.5189 947.123
47.1404 959.667
45.3802 961.12
8.0424 881.929
137.67 984.109
17.6638 894.239
57.33 968.078
4.70197 871.733
32.8337 897.479
90.1645 983.265
120.73 995.74
9.31921 916.721
27.6492 917.726
86.2218 993.411
45.067 970.97
32.2466 811.689
10.5629 929.051
74.2847 988.227
63.0796 987.295
50.6495 951.843
121.236 992.737
38.5525 795.184
22.3246 935.615
2.71107 911.787
44.3916 956.45
26.4723 966.151
71.7486 915.247
43.3154 983.059
8.66446 930.178
-0.456138 946.653
17.4975 958.252
69.9515 998.753
28.3877 954.438
67.6599 970.426
10.9828 962.887
1.00598 916.952
13.9879 957.68
103.632 1002.18
14.5989 971.122
31.8378 977.764
15.7965 978.941
48.3021 995.066
9.08566 995.074
22.6677 998.326
52.3058 992.661
61.0056 961.129
24.027 993.302